10	194	2	0.001	70.0
0.000	0.000	0.000	4.000	0.000
57.000	141.000	22.000	9.000	6.000
69.000	219.000	48.000	7.000	9.000
46.000	70.000	16.000	10.000	15.000
249.000	120.000	20.000	9.000	11.000
259.000	105.000	39.000	4.000	20.000
75.000	167.000	41.000	10.000	16.000
52.000	254.000	47.000	10.000	3.000
81.000	299.000	14.000	4.000	20.000
192.000	134.000	35.000	1.000	2.000

0	0	0	0

0	1	152.086	3
1	0.00	0.00	48.75	120.60	130.09	0	
2	48.75	120.60	53.42	132.14	12.44	1	1	
3	53.42	132.14	57.00	141.00	9.56	2	1	6	

0	2	229.613	7
1	0.00	0.00	40.02	127.01	133.17	0	
2	40.02	127.01	44.12	140.03	13.65	1	1	
3	44.12	140.03	51.10	162.19	23.24	2	1	6	
4	51.10	162.19	54.58	173.22	11.56	1	6	
5	54.58	173.22	65.16	206.80	35.21	2	2	6	
6	65.16	206.80	65.88	209.10	2.41	1	2	
7	65.88	209.10	69.00	219.00	10.38	2	2	7	

0	3	83.762	2
1	0.00	0.00	37.21	56.63	67.76	0	
2	37.21	56.63	46.00	70.00	16.00	1	3	

0	4	276.407	3
1	0.00	0.00	220.01	106.03	244.23	0	
2	220.01	106.03	230.98	111.32	12.18	1	5	
3	230.98	111.32	249.00	120.00	20.00	2	4	5	

0	5	279.475	3
1	0.00	0.00	222.86	90.35	240.47	0	
2	222.86	90.35	246.93	100.11	25.98	1	5	
3	246.93	100.11	259.00	105.00	13.02	2	4	5	

0	6	183.068	6
1	0.00	0.00	30.23	67.31	73.78	0	
2	30.23	67.31	37.53	83.58	17.83	1	3	
3	37.53	83.58	53.56	119.27	39.13	0	
4	53.56	119.27	58.20	129.60	11.32	1	1	
5	58.20	129.60	70.96	158.00	31.14	2	1	6	
6	70.96	158.00	75.00	167.00	9.86	1	6	

0	7	259.268	5
1	0.00	0.00	34.01	166.12	169.57	0	
2	34.01	166.12	37.43	182.84	17.06	1	6	
3	37.43	182.84	37.65	183.92	1.10	1	6	
4	37.65	183.92	42.57	207.96	24.54	1	2	
5	42.57	207.96	52.00	254.00	47.00	2	2	7	

0	8	309.777	10
1	0.00	0.00	36.23	133.74	138.56	0	
2	36.23	133.74	39.63	146.27	12.98	1	1	
3	39.63	146.27	42.73	157.75	11.89	2	1	6	
4	42.73	157.75	47.68	176.00	18.91	1	6	
5	47.68	176.00	54.93	202.75	27.72	2	2	6	
6	54.93	202.75	56.13	207.18	4.59	1	2	
7	56.13	207.18	72.30	266.89	61.86	2	2	7	
8	72.30	266.89	77.34	285.49	19.27	1	7	
9	77.34	285.49	79.19	292.33	7.09	2	7	8	
10	79.19	292.33	81.00	299.00	6.91	1	8	

0	9	234.137	2
1	0.00	0.00	163.30	113.97	199.14	0	
2	163.30	113.97	192.00	134.00	35.00	1	9	

1	0	152.086	3
1	57.00	141.00	53.42	132.14	9.56	2	1	6	
2	53.42	132.14	48.75	120.60	12.44	1	1	
3	48.75	120.60	0.00	0.00	130.09	0	

1	1	0	0

1	2	78.918	5
1	57.00	141.00	60.35	162.74	22.00	1	6	
2	60.35	162.74	61.70	171.56	8.92	1	6	
3	61.70	171.56	67.19	207.25	36.11	1	2	
4	67.19	207.25	67.56	209.65	2.43	1	2	
5	67.56	209.65	69.00	219.00	9.46	2	2	7	

1	3	71.847	4
1	57.00	141.00	55.45	130.96	10.16	2	1	6	
2	55.45	130.96	53.63	119.26	11.84	1	1	
3	53.63	119.26	48.45	85.81	33.85	0	
4	48.45	85.81	46.00	70.00	16.00	1	3	

1	4	193.145	7
1	57.00	141.00	78.87	138.61	22.00	2	1	6	
2	78.87	138.61	101.93	136.09	23.20	1	6	
3	101.93	136.09	157.22	130.04	55.62	0	
4	157.22	130.04	224.25	122.71	67.43	1	9	
5	224.25	122.71	225.10	122.61	0.85	2	5	9	
6	225.10	122.61	229.12	122.17	4.05	1	5	
7	229.12	122.17	249.00	120.00	20.00	2	4	5	

1	5	205.183	7
1	57.00	141.00	78.66	137.14	22.00	2	1	6	
2	78.66	137.14	98.73	133.56	20.39	1	6	
3	98.73	133.56	158.82	122.85	61.04	0	
4	158.82	122.85	219.28	112.08	61.41	1	9	
5	219.28	112.08	220.60	111.84	1.34	0	
6	220.60	111.84	231.76	109.85	11.34	1	5	
7	231.76	109.85	259.00	105.00	27.66	2	4	5	

1	6	31.623	2
1	57.00	141.00	69.52	159.09	22.00	2	1	6	
2	69.52	159.09	75.00	167.00	9.62	1	6	

1	7	113.111	5
1	57.00	141.00	56.03	162.98	22.00	2	1	6	
2	56.03	162.98	55.59	172.91	9.94	1	6	
3	55.59	172.91	54.28	202.38	29.50	0	
4	54.28	202.38	54.08	207.05	4.67	1	2	
5	54.08	207.05	52.00	254.00	47.00	2	2	7	

1	8	159.812	8
1	57.00	141.00	60.30	162.75	22.00	2	1	6	
2	60.30	162.75	61.64	171.57	8.92	1	6	
3	61.64	171.57	67.06	207.22	36.07	2	2	6	
4	67.06	207.22	67.42	209.60	2.41	1	2	
5	67.42	209.60	76.06	266.48	57.53	2	2	7	
6	76.06	266.48	78.90	285.16	18.90	1	7	
7	78.90	285.16	79.91	291.82	6.73	1	8	
8	79.91	291.82	81.00	299.00	7.27	1	8	

1	9	135.181	4
1	57.00	141.00	78.97	139.86	22.00	2	1	6	
2	78.97	139.86	104.51	138.54	25.57	1	6	
3	104.51	138.54	157.05	135.81	52.61	0	
4	157.05	135.81	192.00	134.00	35.00	1	9	

2	0	229.613	7
1	69.00	219.00	65.88	209.10	10.38	2	2	7	
2	65.88	209.10	65.16	206.80	2.41	1	2	
3	65.16	206.80	54.58	173.22	35.21	2	2	6	
4	54.58	173.22	51.10	162.19	11.56	1	6	
5	51.10	162.19	44.12	140.03	23.24	2	1	6	
6	44.12	140.03	40.02	127.01	13.65	1	1	
7	40.02	127.01	0.00	0.00	133.17	0	

2	1	78.918	5
1	69.00	219.00	67.56	209.65	9.46	2	2	7	
2	67.56	209.65	67.19	207.25	2.43	1	2	
3	67.19	207.25	61.70	171.56	36.11	1	2	
4	61.70	171.56	60.35	162.74	8.92	1	6	
5	60.35	162.74	57.00	141.00	22.00	1	6	

2	2	0	0

2	3	150.765	8
1	69.00	219.00	67.56	209.65	9.46	2	2	7	
2	67.56	209.65	67.19	207.25	2.43	1	2	
3	67.19	207.25	61.68	171.56	36.11	1	6	
4	61.68	171.56	60.32	162.75	8.92	1	6	
5	60.32	162.75	55.41	130.98	32.14	2	1	6	
6	55.41	130.98	53.60	119.26	11.86	1	1	
7	53.60	119.26	48.44	85.81	33.85	0	
8	48.44	85.81	46.00	70.00	16.00	1	3	

2	4	205.429	7
1	69.00	219.00	77.34	214.41	9.52	2	2	7	
2	77.34	214.41	111.06	195.87	38.48	1	2	
3	111.06	195.87	171.70	162.51	69.21	0	
4	171.70	162.51	226.95	132.13	63.05	1	9	
5	226.95	132.13	229.63	130.66	3.05	0	
6	229.63	130.66	231.48	129.64	2.11	1	5	
7	231.48	129.64	249.00	120.00	20.00	2	4	5	

2	5	221.576	7
1	69.00	219.00	77.00	214.20	9.33	2	2	7	
2	77.00	214.20	110.16	194.30	38.67	1	2	
3	110.16	194.30	168.08	159.55	67.55	0	
4	168.08	159.55	225.56	125.07	67.03	1	9	
5	225.56	125.07	225.80	124.92	0.28	2	5	9	
6	225.80	124.92	229.21	122.88	3.97	1	5	
7	229.21	122.88	259.00	105.00	34.74	2	4	5	

2	6	52.345	4
1	69.00	219.00	69.97	210.57	8.48	1	2	
2	69.97	210.57	70.30	207.73	2.86	1	2	
3	70.30	207.73	74.50	171.32	36.66	0	
4	74.50	171.32	75.00	167.00	4.34	1	6	

2	7	38.910	1
1	69.00	219.00	52.00	254.00	38.91	2	2	7	

2	8	80.895	4
1	69.00	219.00	76.12	266.47	48.00	2	2	7	
2	76.12	266.47	78.92	285.15	18.90	1	7	
3	78.92	285.15	79.92	291.81	6.73	2	7	8	
4	79.92	291.81	81.00	299.00	7.27	1	8	

2	9	149.513	6
1	69.00	219.00	76.44	213.86	9.05	2	2	7	
2	76.44	213.86	87.96	205.90	14.00	1	2	
3	87.96	205.90	106.80	192.88	22.91	2	2	6	
4	106.80	192.88	108.49	191.71	2.05	1	2	
5	108.49	191.71	163.21	153.90	66.51	0	
6	163.21	153.90	192.00	134.00	35.00	1	9	

3	0	83.762	2
1	46.00	70.00	37.21	56.63	16.00	1	3	
2	37.21	56.63	0.00	0.00	67.76	0	

3	1	71.847	4
1	46.00	70.00	48.45	85.81	16.00	1	3	
2	48.45	85.81	53.63	119.26	33.85	0	
3	53.63	119.26	55.45	130.96	11.84	1	1	
4	55.45	130.96	57.00	141.00	10.16	2	1	6	

3	2	150.765	8
1	46.00	70.00	48.44	85.81	16.00	1	3	
2	48.44	85.81	53.60	119.26	33.85	0	
3	53.60	119.26	55.41	130.98	11.86	1	1	
4	55.41	130.98	60.32	162.75	32.14	2	1	6	
5	60.32	162.75	61.68	171.56	8.92	1	6	
6	61.68	171.56	67.19	207.25	36.11	1	6	
7	67.19	207.25	67.56	209.65	2.43	1	2	
8	67.56	209.65	69.00	219.00	9.46	2	2	7	

3	3	0	0

3	4	209.067	6
1	46.00	70.00	61.54	73.83	16.00	1	3	
2	61.54	73.83	177.16	102.30	119.07	0	
3	177.16	102.30	219.87	112.82	43.99	1	9	
4	219.87	112.82	220.84	113.06	1.00	0	
5	220.84	113.06	229.58	115.22	9.00	1	5	
6	229.58	115.22	249.00	120.00	20.00	2	4	5	

3	5	215.856	4
1	46.00	70.00	61.79	72.59	16.00	1	3	
2	61.79	72.59	220.52	98.68	160.86	0	
3	220.52	98.68	240.40	101.94	20.15	1	5	
4	240.40	101.94	259.00	105.00	18.85	2	4	5	

3	6	101.242	5
1	46.00	70.00	50.58	85.33	16.00	1	3	
2	50.58	85.33	60.75	119.32	35.48	0	
3	60.75	119.32	63.26	127.72	8.76	1	1	
4	63.26	127.72	72.03	157.07	30.63	2	1	6	
5	72.03	157.07	75.00	167.00	10.37	1	6	

3	7	184.098	8
1	46.00	70.00	46.52	85.99	16.00	0	
2	46.52	85.99	47.67	121.08	35.10	0	
3	47.67	121.08	48.15	136.01	14.94	1	1	
4	48.15	136.01	48.98	161.49	25.49	1	6	
5	48.98	161.49	49.43	175.17	13.69	1	6	
6	49.43	175.17	50.23	199.67	24.51	1	2	
7	50.23	199.67	50.47	207.02	7.36	1	2	
8	50.47	207.02	52.00	254.00	47.00	1	2	

3	8	231.659	11
1	46.00	70.00	48.42	85.82	16.00	1	3	
2	48.42	85.82	53.53	119.27	33.85	0	
3	53.53	119.27	55.33	131.03	11.89	0	
4	55.33	131.03	60.18	162.77	32.11	1	1	
5	60.18	162.77	61.53	171.59	8.92	1	6	
6	61.53	171.59	66.97	207.21	36.03	1	2	
7	66.97	207.21	67.33	209.57	2.39	1	2	
8	67.33	209.57	76.03	266.48	57.57	1	7	
9	76.03	266.48	78.88	285.16	18.89	1	7	
10	78.88	285.16	79.90	291.82	6.74	2	7	8	
11	79.90	291.82	81.00	299.00	7.26	1	8	

3	9	159.411	3
1	46.00	70.00	60.65	76.42	16.00	1	3	
2	60.65	76.42	159.94	119.95	108.41	0	
3	159.94	119.95	192.00	134.00	35.00	1	9	

4	0	276.407	3
1	249.00	120.00	230.98	111.32	20.00	2	4	5	
2	230.98	111.32	220.01	106.03	12.18	1	5	
3	220.01	106.03	0.00	0.00	244.23	0	

4	1	193.145	7
1	249.00	120.00	229.12	122.17	20.00	2	4	5	
2	229.12	122.17	225.10	122.61	4.05	1	5	
3	225.10	122.61	224.25	122.71	0.85	2	5	9	
4	224.25	122.71	157.22	130.04	67.43	1	9	
5	157.22	130.04	101.93	136.09	55.62	0	
6	101.93	136.09	78.87	138.61	23.20	1	6	
7	78.87	138.61	57.00	141.00	22.00	2	1	6	

4	2	205.429	7
1	249.00	120.00	231.48	129.64	20.00	2	4	5	
2	231.48	129.64	229.63	130.66	2.11	1	5	
3	229.63	130.66	226.95	132.13	3.05	0	
4	226.95	132.13	171.70	162.51	63.05	1	9	
5	171.70	162.51	111.06	195.87	69.21	0	
6	111.06	195.87	77.34	214.41	38.48	1	2	
7	77.34	214.41	69.00	219.00	9.52	2	2	7	

4	3	209.067	6
1	249.00	120.00	229.58	115.22	20.00	2	4	5	
2	229.58	115.22	220.84	113.06	9.00	1	5	
3	220.84	113.06	219.87	112.82	1.00	0	
4	219.87	112.82	177.16	102.30	43.99	1	9	
5	177.16	102.30	61.54	73.83	119.07	0	
6	61.54	73.83	46.00	70.00	16.00	1	3	

4	4	0	0

4	5	18.028	1
1	249.00	120.00	259.00	105.00	18.03	2	4	5	

4	6	180.236	6
1	249.00	120.00	229.69	125.22	20.00	2	4	5	
2	229.69	125.22	226.23	126.15	3.58	1	5	
3	226.23	126.15	226.12	126.18	0.12	0	
4	226.12	126.18	158.59	144.42	69.95	1	9	
5	158.59	144.42	114.58	156.31	45.58	0	
6	114.58	156.31	75.00	167.00	41.00	1	6	

4	7	238.254	7
1	249.00	120.00	232.46	131.25	20.00	2	4	5	
2	232.46	131.25	231.06	132.21	1.70	1	5	
3	231.06	132.21	226.99	134.97	4.92	0	
4	226.99	134.97	180.05	166.90	56.76	1	9	
5	180.05	166.90	116.21	210.32	77.21	0	
6	116.21	210.32	90.86	227.57	30.66	1	2	
7	90.86	227.57	52.00	254.00	47.00	2	2	7	

4	8	245.489	6
1	249.00	120.00	235.31	134.58	20.00	2	4	5	
2	235.31	134.58	234.56	135.39	1.11	1	5	
3	234.56	135.39	225.05	145.52	13.89	0	
4	225.05	145.52	205.59	166.25	28.44	1	9	
5	205.59	166.25	90.58	288.79	168.05	0	
6	90.58	288.79	81.00	299.00	14.00	1	8	

4	9	58.694	4
1	249.00	120.00	229.58	124.77	20.00	2	4	5	
2	229.58	124.77	225.99	125.65	3.69	1	5	
3	225.99	125.65	225.93	125.67	0.07	2	5	9	
4	225.93	125.67	192.00	134.00	34.93	1	9	

5	0	279.475	3
1	259.00	105.00	246.93	100.11	13.02	2	4	5	
2	246.93	100.11	222.86	90.35	25.98	1	5	
3	222.86	90.35	0.00	0.00	240.47	0	

5	1	205.183	7
1	259.00	105.00	231.76	109.85	27.66	2	4	5	
2	231.76	109.85	220.60	111.84	11.34	1	5	
3	220.60	111.84	219.28	112.08	1.34	0	
4	219.28	112.08	158.82	122.85	61.41	1	9	
5	158.82	122.85	98.73	133.56	61.04	0	
6	98.73	133.56	78.66	137.14	20.39	1	6	
7	78.66	137.14	57.00	141.00	22.00	2	1	6	

5	2	221.576	7
1	259.00	105.00	229.21	122.88	34.74	2	4	5	
2	229.21	122.88	225.80	124.92	3.97	1	5	
3	225.80	124.92	225.56	125.07	0.28	2	5	9	
4	225.56	125.07	168.08	159.55	67.03	1	9	
5	168.08	159.55	110.16	194.30	67.55	0	
6	110.16	194.30	77.00	214.20	38.67	1	2	
7	77.00	214.20	69.00	219.00	9.33	2	2	7	

5	3	215.856	4
1	259.00	105.00	240.40	101.94	18.85	2	4	5	
2	240.40	101.94	220.52	98.68	20.15	1	5	
3	220.52	98.68	61.79	72.59	160.86	0	
4	61.79	72.59	46.00	70.00	16.00	1	3	

5	4	18.028	1
1	259.00	105.00	249.00	120.00	18.03	2	4	5	

5	5	0	0

5	6	194.165	6
1	259.00	105.00	229.67	114.88	30.96	2	4	5	
2	229.67	114.88	222.72	117.23	7.33	1	5	
3	222.72	117.23	222.04	117.45	0.71	2	5	9	
4	222.04	117.45	157.39	139.24	68.22	1	9	
5	157.39	139.24	113.85	153.91	45.95	0	
6	113.85	153.91	75.00	167.00	41.00	1	6	

5	7	255.049	7
1	259.00	105.00	229.90	125.94	35.85	2	4	5	
2	229.90	125.94	227.35	127.78	3.15	1	5	
3	227.35	127.78	226.54	128.36	0.99	0	
4	226.54	128.36	175.69	164.97	62.66	1	9	
5	175.69	164.97	115.75	208.11	73.85	0	
6	115.75	208.11	90.15	226.54	31.55	1	2	
7	90.15	226.54	52.00	254.00	47.00	2	2	7	

5	8	263.287	6
1	259.00	105.00	233.57	132.72	37.62	2	4	5	
2	233.57	132.72	232.63	133.74	1.38	1	5	
3	232.63	133.74	226.38	140.55	9.25	0	
4	226.38	140.55	201.48	167.69	36.84	1	9	
5	201.48	167.69	90.47	288.68	164.20	0	
6	90.47	288.68	81.00	299.00	14.00	1	8	

5	9	73.007	4
1	259.00	105.00	229.11	117.94	32.57	2	4	5	
2	229.11	117.94	224.12	120.10	5.43	1	5	
3	224.12	120.10	223.21	120.49	0.99	2	5	9	
4	223.21	120.49	192.00	134.00	34.01	1	9	

6	0	183.068	6
1	75.00	167.00	70.96	158.00	9.86	1	6	
2	70.96	158.00	58.20	129.60	31.14	2	1	6	
3	58.20	129.60	53.56	119.27	11.32	1	1	
4	53.56	119.27	37.53	83.58	39.13	0	
5	37.53	83.58	30.23	67.31	17.83	1	3	
6	30.23	67.31	0.00	0.00	73.78	0	

6	1	31.623	2
1	75.00	167.00	69.52	159.09	9.62	1	6	
2	69.52	159.09	57.00	141.00	22.00	2	1	6	

6	2	52.345	4
1	75.00	167.00	74.50	171.32	4.34	1	6	
2	74.50	171.32	70.30	207.73	36.66	0	
3	70.30	207.73	69.97	210.57	2.86	1	2	
4	69.97	210.57	69.00	219.00	8.48	1	2	

6	3	101.242	5
1	75.00	167.00	72.03	157.07	10.37	1	6	
2	72.03	157.07	63.26	127.72	30.63	2	1	6	
3	63.26	127.72	60.75	119.32	8.76	1	1	
4	60.75	119.32	50.58	85.33	35.48	0	
5	50.58	85.33	46.00	70.00	16.00	1	3	

6	4	180.236	6
1	75.00	167.00	114.58	156.31	41.00	1	6	
2	114.58	156.31	158.59	144.42	45.58	0	
3	158.59	144.42	226.12	126.18	69.95	1	9	
4	226.12	126.18	226.23	126.15	0.12	0	
5	226.23	126.15	229.69	125.22	3.58	1	5	
6	229.69	125.22	249.00	120.00	20.00	2	4	5	

6	5	194.165	6
1	75.00	167.00	113.85	153.91	41.00	1	6	
2	113.85	153.91	157.39	139.24	45.95	0	
3	157.39	139.24	222.04	117.45	68.22	1	9	
4	222.04	117.45	222.72	117.23	0.71	2	5	9	
5	222.72	117.23	229.67	114.88	7.33	1	5	
6	229.67	114.88	259.00	105.00	30.96	2	4	5	

6	6	0	0

6	7	89.989	4
1	75.00	167.00	73.88	171.25	4.39	1	6	
2	73.88	171.25	64.52	206.64	36.61	1	6	
3	64.52	206.64	64.01	208.56	1.99	1	2	
4	64.01	208.56	52.00	254.00	47.00	2	2	7	

6	8	132.136	7
1	75.00	167.00	75.20	171.40	4.41	1	6	
2	75.20	171.40	76.86	207.96	36.59	2	2	6	
3	76.86	207.96	77.15	214.30	6.34	1	2	
4	77.15	214.30	79.49	265.84	51.60	1	7	
5	79.49	265.84	80.36	285.01	19.19	1	7	
6	80.36	285.01	80.65	291.26	6.25	1	8	
7	80.65	291.26	81.00	299.00	7.75	1	8	

6	9	121.565	3
1	75.00	167.00	114.46	155.87	41.00	1	6	
2	114.46	155.87	158.31	143.50	45.56	0	
3	158.31	143.50	192.00	134.00	35.00	1	9	

7	0	259.268	5
1	52.00	254.00	42.57	207.96	47.00	2	2	7	
2	42.57	207.96	37.65	183.92	24.54	1	2	
3	37.65	183.92	37.43	182.84	1.10	1	6	
4	37.43	182.84	34.01	166.12	17.06	1	6	
5	34.01	166.12	0.00	0.00	169.57	0	

7	1	113.111	5
1	52.00	254.00	54.08	207.05	47.00	2	2	7	
2	54.08	207.05	54.28	202.38	4.67	1	2	
3	54.28	202.38	55.59	172.91	29.50	0	
4	55.59	172.91	56.03	162.98	9.94	1	6	
5	56.03	162.98	57.00	141.00	22.00	2	1	6	

7	2	38.910	1
1	52.00	254.00	69.00	219.00	38.91	2	2	7	

7	3	184.098	8
1	52.00	254.00	50.47	207.02	47.00	1	2	
2	50.47	207.02	50.23	199.67	7.36	1	2	
3	50.23	199.67	49.43	175.17	24.51	1	2	
4	49.43	175.17	48.98	161.49	13.69	1	6	
5	48.98	161.49	48.15	136.01	25.49	1	6	
6	48.15	136.01	47.67	121.08	14.94	1	1	
7	47.67	121.08	46.52	85.99	35.10	0	
8	46.52	85.99	46.00	70.00	16.00	0	

7	4	238.254	7
1	52.00	254.00	90.86	227.57	47.00	2	2	7	
2	90.86	227.57	116.21	210.32	30.66	1	2	
3	116.21	210.32	180.05	166.90	77.21	0	
4	180.05	166.90	226.99	134.97	56.76	1	9	
5	226.99	134.97	231.06	132.21	4.92	0	
6	231.06	132.21	232.46	131.25	1.70	1	5	
7	232.46	131.25	249.00	120.00	20.00	2	4	5	

7	5	255.049	7
1	52.00	254.00	90.15	226.54	47.00	2	2	7	
2	90.15	226.54	115.75	208.11	31.55	1	2	
3	115.75	208.11	175.69	164.97	73.85	0	
4	175.69	164.97	226.54	128.36	62.66	1	9	
5	226.54	128.36	227.35	127.78	0.99	0	
6	227.35	127.78	229.90	125.94	3.15	1	5	
7	229.90	125.94	259.00	105.00	35.85	2	4	5	

7	6	89.989	4
1	52.00	254.00	64.01	208.56	47.00	2	2	7	
2	64.01	208.56	64.52	206.64	1.99	1	2	
3	64.52	206.64	73.88	171.25	36.61	1	6	
4	73.88	171.25	75.00	167.00	4.39	1	6	

7	7	0	0

7	8	53.535	4
1	52.00	254.00	59.80	266.11	14.41	2	2	7	
2	59.80	266.11	73.42	287.23	25.13	1	7	
3	73.42	287.23	77.46	293.51	7.47	2	7	8	
4	77.46	293.51	81.00	299.00	6.53	1	8	

7	9	184.391	4
1	52.00	254.00	87.69	223.41	47.00	2	2	7	
2	87.69	223.41	113.58	201.21	34.11	1	2	
3	113.58	201.21	165.43	156.78	68.28	0	
4	165.43	156.78	192.00	134.00	35.00	1	9	

8	0	309.777	10
1	81.00	299.00	79.19	292.33	6.91	1	8	
2	79.19	292.33	77.34	285.49	7.09	2	7	8	
3	77.34	285.49	72.30	266.89	19.27	1	7	
4	72.30	266.89	56.13	207.18	61.86	2	2	7	
5	56.13	207.18	54.93	202.75	4.59	1	2	
6	54.93	202.75	47.68	176.00	27.72	2	2	6	
7	47.68	176.00	42.73	157.75	18.91	1	6	
8	42.73	157.75	39.63	146.27	11.89	2	1	6	
9	39.63	146.27	36.23	133.74	12.98	1	1	
10	36.23	133.74	0.00	0.00	138.56	0	

8	1	159.812	8
1	81.00	299.00	79.91	291.82	7.27	1	8	
2	79.91	291.82	78.90	285.16	6.73	1	8	
3	78.90	285.16	76.06	266.48	18.90	1	7	
4	76.06	266.48	67.42	209.60	57.53	2	2	7	
5	67.42	209.60	67.06	207.22	2.41	1	2	
6	67.06	207.22	61.64	171.57	36.07	2	2	6	
7	61.64	171.57	60.30	162.75	8.92	1	6	
8	60.30	162.75	57.00	141.00	22.00	2	1	6	

8	2	80.895	4
1	81.00	299.00	79.92	291.81	7.27	1	8	
2	79.92	291.81	78.92	285.15	6.73	2	7	8	
3	78.92	285.15	76.12	266.47	18.90	1	7	
4	76.12	266.47	69.00	219.00	48.00	2	2	7	

8	3	231.659	11
1	81.00	299.00	79.90	291.82	7.26	1	8	
2	79.90	291.82	78.88	285.16	6.74	2	7	8	
3	78.88	285.16	76.03	266.48	18.89	1	7	
4	76.03	266.48	67.33	209.57	57.57	1	7	
5	67.33	209.57	66.97	207.21	2.39	1	2	
6	66.97	207.21	61.53	171.59	36.03	1	2	
7	61.53	171.59	60.18	162.77	8.92	1	6	
8	60.18	162.77	55.33	131.03	32.11	1	1	
9	55.33	131.03	53.53	119.27	11.89	0	
10	53.53	119.27	48.42	85.82	33.85	0	
11	48.42	85.82	46.00	70.00	16.00	1	3	

8	4	245.489	6
1	81.00	299.00	90.58	288.79	14.00	1	8	
2	90.58	288.79	205.59	166.25	168.05	0	
3	205.59	166.25	225.05	145.52	28.44	1	9	
4	225.05	145.52	234.56	135.39	13.89	0	
5	234.56	135.39	235.31	134.58	1.11	1	5	
6	235.31	134.58	249.00	120.00	20.00	2	4	5	

8	5	263.287	6
1	81.00	299.00	90.47	288.68	14.00	1	8	
2	90.47	288.68	201.48	167.69	164.20	0	
3	201.48	167.69	226.38	140.55	36.84	1	9	
4	226.38	140.55	232.63	133.74	9.25	0	
5	232.63	133.74	233.57	132.72	1.38	1	5	
6	233.57	132.72	259.00	105.00	37.62	2	4	5	

8	6	132.136	7
1	81.00	299.00	80.65	291.26	7.75	1	8	
2	80.65	291.26	80.36	285.01	6.25	1	8	
3	80.36	285.01	79.49	265.84	19.19	1	7	
4	79.49	265.84	77.15	214.30	51.60	1	7	
5	77.15	214.30	76.86	207.96	6.34	1	2	
6	76.86	207.96	75.20	171.40	36.59	2	2	6	
7	75.20	171.40	75.00	167.00	4.41	1	6	

8	7	53.535	4
1	81.00	299.00	77.46	293.51	6.53	1	8	
2	77.46	293.51	73.42	287.23	7.47	2	7	8	
3	73.42	287.23	59.80	266.11	25.13	1	7	
4	59.80	266.11	52.00	254.00	14.41	2	2	7	

8	8	0	0

8	9	198.862	3
1	81.00	299.00	88.81	287.38	14.00	1	8	
2	88.81	287.38	172.46	163.04	149.86	0	
3	172.46	163.04	192.00	134.00	35.00	1	9	

9	0	234.137	2
1	192.00	134.00	163.30	113.97	35.00	1	9	
2	163.30	113.97	0.00	0.00	199.14	0	

9	1	135.181	4
1	192.00	134.00	157.05	135.81	35.00	1	9	
2	157.05	135.81	104.51	138.54	52.61	0	
3	104.51	138.54	78.97	139.86	25.57	1	6	
4	78.97	139.86	57.00	141.00	22.00	2	1	6	

9	2	149.513	6
1	192.00	134.00	163.21	153.90	35.00	1	9	
2	163.21	153.90	108.49	191.71	66.51	0	
3	108.49	191.71	106.80	192.88	2.05	1	2	
4	106.80	192.88	87.96	205.90	22.91	2	2	6	
5	87.96	205.90	76.44	213.86	14.00	1	2	
6	76.44	213.86	69.00	219.00	9.05	2	2	7	

9	3	159.411	3
1	192.00	134.00	159.94	119.95	35.00	1	9	
2	159.94	119.95	60.65	76.42	108.41	0	
3	60.65	76.42	46.00	70.00	16.00	1	3	

9	4	58.694	4
1	192.00	134.00	225.93	125.67	34.93	1	9	
2	225.93	125.67	225.99	125.65	0.07	2	5	9	
3	225.99	125.65	229.58	124.77	3.69	1	5	
4	229.58	124.77	249.00	120.00	20.00	2	4	5	

9	5	73.007	4
1	192.00	134.00	223.21	120.49	34.01	1	9	
2	223.21	120.49	224.12	120.10	0.99	2	5	9	
3	224.12	120.10	229.11	117.94	5.43	1	5	
4	229.11	117.94	259.00	105.00	32.57	2	4	5	

9	6	121.565	3
1	192.00	134.00	158.31	143.50	35.00	1	9	
2	158.31	143.50	114.46	155.87	45.56	0	
3	114.46	155.87	75.00	167.00	41.00	1	6	

9	7	184.391	4
1	192.00	134.00	165.43	156.78	35.00	1	9	
2	165.43	156.78	113.58	201.21	68.28	0	
3	113.58	201.21	87.69	223.41	34.11	1	2	
4	87.69	223.41	52.00	254.00	47.00	2	2	7	

9	8	198.862	3
1	192.00	134.00	172.46	163.04	35.00	1	9	
2	172.46	163.04	88.81	287.38	149.86	0	
3	88.81	287.38	81.00	299.00	14.00	1	8	

9	9	0	0