6	44	2	0.001	50.0
68.000	81.000	0.000	5.000	0.000
60.000	293.000	23.000	6.000	5.000
162.000	247.000	23.000	6.000	11.000
95.000	186.000	39.000	7.000	8.000
74.000	81.000	42.000	3.000	6.000
143.000	178.000	1.000	4.000	2.000
 


0	0	0	0

0	1	212.151	5
1	68.00	81.00	66.44	122.31	41.34	1	4	
2	66.44	122.31	64.98	161.11	38.82	0	
3	64.98	161.11	63.19	208.56	47.48	0	
4	63.19	208.56	60.87	270.02	61.50	0	
5	60.87	270.02	60.00	293.00	23.00	1	1	

0	2	190.767	5
1	68.00	81.00	89.99	119.84	44.63	1	4	
2	89.99	119.84	106.33	148.68	33.15	0	
3	106.33	148.68	132.83	195.49	53.79	1	3	
4	132.83	195.49	150.67	226.99	36.20	0	
5	150.67	226.99	162.00	247.00	23.00	1	2	

0	3	108.416	3
1	68.00	81.00	78.73	122.73	43.09	0	
2	78.73	122.73	85.29	148.23	26.33	0	
3	85.29	148.23	95.00	186.00	39.00	1	3	

0	4	6.000	1
1	68.00	81.00	74.00	81.00	6.00	1	4	

0	5	122.613	3
1	68.00	81.00	95.77	116.92	45.40	1	4	
2	95.77	116.92	142.39	177.21	76.21	0	
3	142.39	177.21	143.00	178.00	1.00	1	5	

1	0	212.151	5
1	60.00	293.00	60.87	270.02	23.00	1	1	
2	60.87	270.02	63.19	208.56	61.50	0	
3	63.19	208.56	64.98	161.11	47.48	0	
4	64.98	161.11	66.44	122.31	38.82	0	
5	66.44	122.31	68.00	81.00	41.34	1	4	

1	1	0	0

1	2	111.893	3
1	60.00	293.00	80.97	283.54	23.00	1	1	
2	80.97	283.54	141.03	256.46	65.89	0	
3	141.03	256.46	162.00	247.00	23.00	1	2	

1	3	112.579	3
1	60.00	293.00	67.15	271.14	23.00	1	1	
2	67.15	271.14	82.88	223.07	50.58	0	
3	82.88	223.07	95.00	186.00	39.00	1	3	

1	4	212.462	5
1	60.00	293.00	61.52	270.05	23.00	0	
2	61.52	270.05	65.39	211.38	58.80	0	
3	65.39	211.38	68.98	156.94	54.56	0	
4	68.98	156.94	71.23	122.91	34.11	0	
5	71.23	122.91	74.00	81.00	42.00	0	

1	5	141.824	5
1	60.00	293.00	73.46	274.35	23.00	1	1	
2	73.46	274.35	111.84	221.18	65.57	0	
3	111.84	221.18	133.69	190.90	37.34	1	3	
4	133.69	190.90	142.41	178.81	14.91	0	
5	142.41	178.81	143.00	178.00	1.00	1	5	

2	0	190.767	5
1	162.00	247.00	150.67	226.99	23.00	1	2	
2	150.67	226.99	132.83	195.49	36.20	0	
3	132.83	195.49	106.33	148.68	53.79	1	3	
4	106.33	148.68	89.99	119.84	33.15	0	
5	89.99	119.84	68.00	81.00	44.63	1	4	

2	1	111.893	3
1	162.00	247.00	141.03	256.46	23.00	1	2	
2	141.03	256.46	80.97	283.54	65.89	0	
3	80.97	283.54	60.00	293.00	23.00	1	1	

2	2	0	0

2	3	90.609	3
1	162.00	247.00	144.99	231.52	23.00	1	2	
2	144.99	231.52	123.84	212.26	28.61	0	
3	123.84	212.26	95.00	186.00	39.00	1	3	

2	4	187.883	5
1	162.00	247.00	151.23	226.68	23.00	1	2	
2	151.23	226.68	133.37	192.99	38.13	0	
3	133.37	192.99	110.75	150.32	48.29	1	3	
4	110.75	150.32	93.67	118.11	36.46	0	
5	93.67	118.11	74.00	81.00	42.00	1	4	

2	5	71.568	3
1	162.00	247.00	155.89	224.83	23.00	1	2	
2	155.89	224.83	143.27	178.96	47.57	0	
3	143.27	178.96	143.00	178.00	1.00	1	5	

3	0	108.416	3
1	95.00	186.00	85.29	148.23	39.00	1	3	
2	85.29	148.23	78.73	122.73	26.33	0	
3	78.73	122.73	68.00	81.00	43.09	0	

3	1	112.579	3
1	95.00	186.00	82.88	223.07	39.00	1	3	
2	82.88	223.07	67.15	271.14	50.58	0	
3	67.15	271.14	60.00	293.00	23.00	1	1	

3	2	90.609	3
1	95.00	186.00	123.84	212.26	39.00	1	3	
2	123.84	212.26	144.99	231.52	28.61	0	
3	144.99	231.52	162.00	247.00	23.00	1	2	

3	3	0	0

3	4	107.079	3
1	95.00	186.00	87.35	147.76	39.00	1	3	
2	87.35	147.76	82.24	122.18	26.08	0	
3	82.24	122.18	74.00	81.00	42.00	1	4	

3	5	48.662	3
1	95.00	186.00	133.47	179.59	39.00	1	3	
2	133.47	179.59	142.01	178.16	8.66	0	
3	142.01	178.16	143.00	178.00	1.00	1	5	

4	0	6.000	1
1	74.00	81.00	68.00	81.00	6.00	1	4	

4	1	212.462	5
1	74.00	81.00	71.23	122.91	42.00	0	
2	71.23	122.91	68.98	156.94	34.11	0	
3	68.98	156.94	65.39	211.38	54.56	0	
4	65.39	211.38	61.52	270.05	58.80	0	
5	61.52	270.05	60.00	293.00	23.00	0	

4	2	187.883	5
1	74.00	81.00	93.67	118.11	42.00	1	4	
2	93.67	118.11	110.75	150.32	36.46	0	
3	110.75	150.32	133.37	192.99	48.29	1	3	
4	133.37	192.99	151.23	226.68	38.13	0	
5	151.23	226.68	162.00	247.00	23.00	1	2	

4	3	107.079	3
1	74.00	81.00	82.24	122.18	42.00	1	4	
2	82.24	122.18	87.35	147.76	26.08	0	
3	87.35	147.76	95.00	186.00	39.00	1	3	

4	4	0	0

4	5	119.038	3
1	74.00	81.00	98.35	115.22	42.00	1	4	
2	98.35	115.22	142.42	177.19	76.04	0	
3	142.42	177.19	143.00	178.00	1.00	1	5	

5	0	122.613	3
1	143.00	178.00	142.39	177.21	1.00	1	5	
2	142.39	177.21	95.77	116.92	76.21	0	
3	95.77	116.92	68.00	81.00	45.40	1	4	

5	1	141.824	5
1	143.00	178.00	142.41	178.81	1.00	1	5	
2	142.41	178.81	133.69	190.90	14.91	0	
3	133.69	190.90	111.84	221.18	37.34	1	3	
4	111.84	221.18	73.46	274.35	65.57	0	
5	73.46	274.35	60.00	293.00	23.00	1	1	

5	2	71.568	3
1	143.00	178.00	143.27	178.96	1.00	1	5	
2	143.27	178.96	155.89	224.83	47.57	0	
3	155.89	224.83	162.00	247.00	23.00	1	2	

5	3	48.662	3
1	143.00	178.00	142.01	178.16	1.00	1	5	
2	142.01	178.16	133.47	179.59	8.66	0	
3	133.47	179.59	95.00	186.00	39.00	1	3	

5	4	119.038	3
1	143.00	178.00	142.42	177.19	1.00	1	5	
2	142.42	177.19	98.35	115.22	76.04	0	
3	98.35	115.22	74.00	81.00	42.00	1	4	

5	5	0	0
