8	124	2	0.001	70.0
150.000	150.000	0.000	3.000	0.000
248.000	34.000	50.000	6.000	4.000
239.000	148.000	26.000	4.000	8.000
240.000	80.000	16.000	4.000	12.000
250.000	8.000	43.000	6.000	15.000
218.000	285.000	32.000	7.000	12.000
209.000	174.000	16.000	6.000	3.000
228.000	114.000	24.000	9.000	16.000

0	0	0	0

0	1	151.855	3
1	150.00	150.00	215.73	72.19	101.86	0	
2	215.73	72.19	235.70	48.55	30.95	1	1	
3	235.70	48.55	248.00	34.00	19.05	2	1	4	

0	2	89.022	2
1	150.00	150.00	213.01	148.58	63.02	0	
2	213.01	148.58	239.00	148.00	26.00	1	2	

0	3	114.018	5
1	150.00	150.00	204.97	107.25	69.64	0	
2	204.97	107.25	227.12	90.02	28.06	1	7	
3	227.12	90.02	227.37	89.82	0.31	0	
4	227.37	89.82	236.56	82.67	11.64	1	3	
5	236.56	82.67	240.00	80.00	4.36	2	1	3	

0	4	173.678	3
1	150.00	150.00	209.35	65.72	103.08	0	
2	209.35	65.72	225.24	43.16	27.60	1	1	
3	225.24	43.16	250.00	8.00	43.00	2	1	4	

0	5	151.159	2
1	150.00	150.00	203.60	256.42	119.16	0	
2	203.60	256.42	218.00	285.00	32.00	1	5	

0	6	63.695	2
1	150.00	150.00	194.18	167.97	47.69	0	
2	194.18	167.97	209.00	174.00	16.00	1	6	

0	7	85.907	2
1	150.00	150.00	206.21	124.06	61.91	0	
2	206.21	124.06	228.00	114.00	24.00	1	7	

1	0	151.855	3
1	248.00	34.00	235.70	48.55	19.05	2	1	4	
2	235.70	48.55	215.73	72.19	30.95	1	1	
3	215.73	72.19	150.00	150.00	101.86	0	

1	1	0	0

1	2	114.355	8
1	248.00	34.00	246.67	50.87	16.92	2	1	4	
2	246.67	50.87	245.55	64.99	14.17	1	1	
3	245.55	64.99	244.06	83.84	18.91	1	1	
4	244.06	83.84	243.15	95.39	11.58	1	3	
5	243.15	95.39	243.13	95.69	0.30	2	3	7	
6	243.13	95.69	241.05	122.08	26.47	1	7	
7	241.05	122.08	240.05	134.76	12.72	1	7	
8	240.05	134.76	239.00	148.00	13.28	1	2	

1	3	46.690	3
1	248.00	34.00	245.09	50.72	16.97	1	1	
2	245.09	50.72	242.74	64.24	13.72	1	1	
3	242.74	64.24	240.00	80.00	16.00	2	1	3	

1	4	26.077	1
1	248.00	34.00	250.00	8.00	26.08	2	1	4	

1	5	252.786	10
1	248.00	34.00	245.99	50.81	16.93	1	1	
2	245.99	50.81	244.34	64.60	13.89	1	1	
3	244.34	64.60	242.07	83.65	19.18	0	
4	242.07	83.65	240.86	93.74	10.16	1	3	
5	240.86	93.74	240.59	95.99	2.27	1	7	
6	240.59	95.99	237.48	122.04	26.24	1	7	
7	237.48	122.04	235.72	136.72	14.78	2	2	7	
8	235.72	136.72	231.40	172.86	36.40	1	2	
9	231.40	172.86	221.80	253.23	80.93	0	
10	221.80	253.23	218.00	285.00	32.00	0	

1	6	145.331	10
1	248.00	34.00	243.41	50.49	17.12	2	1	4	
2	243.41	50.49	239.64	64.00	14.03	1	1	
3	239.64	64.00	234.58	82.17	18.85	2	1	3	
4	234.58	82.17	232.29	90.39	8.53	1	3	
5	232.29	90.39	231.42	93.51	3.24	2	3	7	
6	231.42	93.51	221.63	128.65	36.48	1	7	
7	221.63	128.65	219.47	136.43	8.08	2	2	7	
8	219.47	136.43	214.13	155.58	19.88	1	2	
9	214.13	155.58	213.29	158.59	3.12	0	
10	213.29	158.59	209.00	174.00	16.00	1	6	

1	7	82.462	6
1	248.00	34.00	243.86	50.56	17.07	2	1	4	
2	243.86	50.56	240.50	64.01	13.86	1	1	
3	240.50	64.01	235.87	82.51	19.07	2	1	3	
4	235.87	82.51	233.82	90.72	8.46	1	3	
5	233.82	90.72	232.91	94.35	3.74	2	3	7	
6	232.91	94.35	228.00	114.00	20.26	1	7	

2	0	89.022	2
1	239.00	148.00	213.01	148.58	26.00	1	2	
2	213.01	148.58	150.00	150.00	63.02	0	

2	1	114.355	8
1	239.00	148.00	240.05	134.76	13.28	1	2	
2	240.05	134.76	241.05	122.08	12.72	1	7	
3	241.05	122.08	243.13	95.69	26.47	1	7	
4	243.13	95.69	243.15	95.39	0.30	2	3	7	
5	243.15	95.39	244.06	83.84	11.58	1	3	
6	244.06	83.84	245.55	64.99	18.91	1	1	
7	245.55	64.99	246.67	50.87	14.17	1	1	
8	246.67	50.87	248.00	34.00	16.92	2	1	4	

2	2	0	0

2	3	68.007	6
1	239.00	148.00	239.19	135.23	12.77	1	2	
2	239.19	135.23	239.38	122.00	13.23	2	2	7	
3	239.38	122.00	239.76	96.00	26.01	1	7	
4	239.76	96.00	239.81	93.10	2.90	0	
5	239.81	93.10	239.95	83.35	9.76	1	3	
6	239.95	83.35	240.00	80.00	3.35	2	1	3	

2	4	140.431	8
1	239.00	148.00	240.04	134.76	13.28	1	2	
2	240.04	134.76	241.04	122.08	12.72	1	7	
3	241.04	122.08	243.11	95.69	26.47	1	7	
4	243.11	95.69	243.13	95.37	0.32	2	3	7	
5	243.13	95.37	244.04	83.84	11.57	1	3	
6	244.04	83.84	245.52	64.98	18.92	2	1	3	
7	245.52	64.98	246.63	50.87	14.16	1	1	
8	246.63	50.87	250.00	8.00	43.00	1	1	

2	5	138.600	3
1	239.00	148.00	235.06	173.70	26.00	1	2	
2	235.06	173.70	222.85	253.37	80.60	0	
3	222.85	253.37	218.00	285.00	32.00	1	5	

2	6	39.699	3
1	239.00	148.00	221.09	163.52	23.70	1	2	
2	221.09	163.52	219.35	165.03	2.30	2	2	6	
3	219.35	165.03	209.00	174.00	13.70	1	6	

2	7	35.735	3
1	239.00	148.00	235.39	136.83	11.74	1	2	
2	235.39	136.83	231.00	123.26	14.26	2	2	7	
3	231.00	123.26	228.00	114.00	9.74	1	7	

3	0	114.018	5
1	240.00	80.00	236.56	82.67	4.36	2	1	3	
2	236.56	82.67	227.37	89.82	11.64	1	3	
3	227.37	89.82	227.12	90.02	0.31	0	
4	227.12	90.02	204.97	107.25	28.06	1	7	
5	204.97	107.25	150.00	150.00	69.64	0	

3	1	46.690	3
1	240.00	80.00	242.74	64.24	16.00	2	1	3	
2	242.74	64.24	245.09	50.72	13.72	1	1	
3	245.09	50.72	248.00	34.00	16.97	1	1	

3	2	68.007	6
1	240.00	80.00	239.95	83.35	3.35	2	1	3	
2	239.95	83.35	239.81	93.10	9.76	1	3	
3	239.81	93.10	239.76	96.00	2.90	0	
4	239.76	96.00	239.38	122.00	26.01	1	7	
5	239.38	122.00	239.19	135.23	13.23	2	2	7	
6	239.19	135.23	239.00	148.00	12.77	1	2	

3	3	0	0

3	4	72.691	3
1	240.00	80.00	242.20	64.15	16.00	2	1	3	
2	242.20	64.15	244.08	50.59	13.69	1	1	
3	244.08	50.59	250.00	8.00	43.00	2	1	4	

3	5	206.177	8
1	240.00	80.00	239.65	83.30	3.32	2	1	3	
2	239.65	83.30	238.66	92.50	9.25	1	3	
3	238.66	92.50	238.29	95.91	3.43	2	3	7	
4	238.29	95.91	235.47	122.24	26.48	1	7	
5	235.47	122.24	233.85	137.28	15.12	2	2	7	
6	233.85	137.28	230.08	172.42	35.35	1	2	
7	230.08	172.42	221.41	253.18	81.22	0	
8	221.41	253.18	218.00	285.00	32.00	1	5	

3	6	98.980	8
1	240.00	80.00	238.95	83.17	3.34	2	1	3	
2	238.95	83.17	236.22	91.45	8.72	1	3	
3	236.22	91.45	234.99	95.19	3.94	2	3	7	
4	234.99	95.19	224.75	126.26	32.71	1	7	
5	224.75	126.26	221.20	137.02	11.33	2	2	7	
6	221.20	137.02	214.61	157.00	21.04	1	2	
7	214.61	157.00	214.01	158.81	1.90	0	
8	214.01	158.81	209.00	174.00	16.00	1	6	

3	7	36.056	4
1	240.00	80.00	238.88	83.16	3.35	2	1	3	
2	238.88	83.16	235.99	91.37	8.70	1	3	
3	235.99	91.37	234.67	95.09	3.94	2	3	7	
4	234.67	95.09	228.00	114.00	20.06	1	7	

4	0	173.678	3
1	250.00	8.00	225.24	43.16	43.00	2	1	4	
2	225.24	43.16	209.35	65.72	27.60	1	1	
3	209.35	65.72	150.00	150.00	103.08	0	

4	1	26.077	1
1	250.00	8.00	248.00	34.00	26.08	2	1	4	

4	2	140.431	8
1	250.00	8.00	246.63	50.87	43.00	1	1	
2	246.63	50.87	245.52	64.98	14.16	1	1	
3	245.52	64.98	244.04	83.84	18.92	2	1	3	
4	244.04	83.84	243.13	95.37	11.57	1	3	
5	243.13	95.37	243.11	95.69	0.32	2	3	7	
6	243.11	95.69	241.04	122.08	26.47	1	7	
7	241.04	122.08	240.04	134.76	12.72	1	7	
8	240.04	134.76	239.00	148.00	13.28	1	2	

4	3	72.691	3
1	250.00	8.00	244.08	50.59	43.00	2	1	4	
2	244.08	50.59	242.20	64.15	13.69	1	1	
3	242.20	64.15	240.00	80.00	16.00	2	1	3	

4	4	0	0

4	5	278.842	10
1	250.00	8.00	245.07	50.72	43.00	2	1	4	
2	245.07	50.72	243.49	64.38	13.76	1	1	
3	243.49	64.38	241.27	83.55	19.29	1	3	
4	241.27	83.55	240.15	93.30	9.82	1	3	
5	240.15	93.30	239.83	96.00	2.72	2	3	7	
6	239.83	96.00	236.82	122.09	26.27	1	7	
7	236.82	122.09	235.11	136.92	14.93	2	2	7	
8	235.11	136.92	230.97	172.73	36.04	0	
9	230.97	172.73	221.67	253.21	81.02	0	
10	221.67	253.21	218.00	285.00	32.00	1	5	

4	6	170.988	10
1	250.00	8.00	239.69	49.75	43.00	2	1	4	
2	239.69	49.75	236.05	64.50	15.19	1	1	
3	236.05	64.50	231.89	81.33	17.34	2	1	3	
4	231.89	81.33	229.73	90.06	8.99	1	3	
5	229.73	90.06	229.28	91.88	1.87	2	3	7	
6	229.28	91.88	219.73	130.54	39.82	1	7	
7	219.73	130.54	218.39	135.99	5.61	2	2	7	
8	218.39	135.99	213.82	154.48	19.05	1	2	
9	213.82	154.48	212.84	158.47	4.11	0	
10	212.84	158.47	209.00	174.00	16.00	1	6	

4	7	108.259	6
1	250.00	8.00	241.26	50.10	43.00	2	1	4	
2	241.26	50.10	238.36	64.08	14.28	1	1	
3	238.36	64.08	234.61	82.17	18.47	2	1	3	
4	234.61	82.17	232.88	90.50	8.51	1	3	
5	232.88	90.50	232.16	93.95	3.52	2	3	7	
6	232.16	93.95	228.00	114.00	20.48	1	7	

5	0	151.159	2
1	218.00	285.00	203.60	256.42	32.00	1	5	
2	203.60	256.42	150.00	150.00	119.16	0	

5	1	252.786	10
1	218.00	285.00	221.80	253.23	32.00	0	
2	221.80	253.23	231.40	172.86	80.93	0	
3	231.40	172.86	235.72	136.72	36.40	1	2	
4	235.72	136.72	237.48	122.04	14.78	2	2	7	
5	237.48	122.04	240.59	95.99	26.24	1	7	
6	240.59	95.99	240.86	93.74	2.27	1	7	
7	240.86	93.74	242.07	83.65	10.16	1	3	
8	242.07	83.65	244.34	64.60	19.18	0	
9	244.34	64.60	245.99	50.81	13.89	1	1	
10	245.99	50.81	248.00	34.00	16.93	1	1	

5	2	138.600	3
1	218.00	285.00	222.85	253.37	32.00	1	5	
2	222.85	253.37	235.06	173.70	80.60	0	
3	235.06	173.70	239.00	148.00	26.00	1	2	

5	3	206.177	8
1	218.00	285.00	221.41	253.18	32.00	1	5	
2	221.41	253.18	230.08	172.42	81.22	0	
3	230.08	172.42	233.85	137.28	35.35	1	2	
4	233.85	137.28	235.47	122.24	15.12	2	2	7	
5	235.47	122.24	238.29	95.91	26.48	1	7	
6	238.29	95.91	238.66	92.50	3.43	2	3	7	
7	238.66	92.50	239.65	83.30	9.25	1	3	
8	239.65	83.30	240.00	80.00	3.32	2	1	3	

5	4	278.842	10
1	218.00	285.00	221.67	253.21	32.00	1	5	
2	221.67	253.21	230.97	172.73	81.02	0	
3	230.97	172.73	235.11	136.92	36.04	0	
4	235.11	136.92	236.82	122.09	14.93	2	2	7	
5	236.82	122.09	239.83	96.00	26.27	1	7	
6	239.83	96.00	240.15	93.30	2.72	2	3	7	
7	240.15	93.30	241.27	83.55	9.82	1	3	
8	241.27	83.55	243.49	64.38	19.29	1	3	
9	243.49	64.38	245.07	50.72	13.76	1	1	
10	245.07	50.72	250.00	8.00	43.00	2	1	4	

5	5	0	0

5	6	111.364	3
1	218.00	285.00	215.41	253.10	32.00	1	5	
2	215.41	253.10	210.29	189.95	63.36	0	
3	210.29	189.95	209.00	174.00	16.00	0	

5	7	171.292	7
1	218.00	285.00	219.87	253.05	32.00	0	
2	219.87	253.05	224.20	179.00	74.18	0	
3	224.20	179.00	224.68	170.81	8.21	1	6	
4	224.68	170.81	224.74	169.74	1.07	0	
5	224.74	169.74	226.60	137.96	31.84	1	2	
6	226.60	137.96	227.37	124.75	13.24	2	2	7	
7	227.37	124.75	228.00	114.00	10.76	1	7	

6	0	63.695	2
1	209.00	174.00	194.18	167.97	16.00	1	6	
2	194.18	167.97	150.00	150.00	47.69	0	

6	1	145.331	10
1	209.00	174.00	213.29	158.59	16.00	1	6	
2	213.29	158.59	214.13	155.58	3.12	0	
3	214.13	155.58	219.47	136.43	19.88	1	2	
4	219.47	136.43	221.63	128.65	8.08	2	2	7	
5	221.63	128.65	231.42	93.51	36.48	1	7	
6	231.42	93.51	232.29	90.39	3.24	2	3	7	
7	232.29	90.39	234.58	82.17	8.53	1	3	
8	234.58	82.17	239.64	64.00	18.85	2	1	3	
9	239.64	64.00	243.41	50.49	14.03	1	1	
10	243.41	50.49	248.00	34.00	17.12	2	1	4	

6	2	39.699	3
1	209.00	174.00	219.35	165.03	13.70	1	6	
2	219.35	165.03	221.09	163.52	2.30	2	2	6	
3	221.09	163.52	239.00	148.00	23.70	1	2	

6	3	98.980	8
1	209.00	174.00	214.01	158.81	16.00	1	6	
2	214.01	158.81	214.61	157.00	1.90	0	
3	214.61	157.00	221.20	137.02	21.04	1	2	
4	221.20	137.02	224.75	126.26	11.33	2	2	7	
5	224.75	126.26	234.99	95.19	32.71	1	7	
6	234.99	95.19	236.22	91.45	3.94	2	3	7	
7	236.22	91.45	238.95	83.17	8.72	1	3	
8	238.95	83.17	240.00	80.00	3.34	2	1	3	

6	4	170.988	10
1	209.00	174.00	212.84	158.47	16.00	1	6	
2	212.84	158.47	213.82	154.48	4.11	0	
3	213.82	154.48	218.39	135.99	19.05	1	2	
4	218.39	135.99	219.73	130.54	5.61	2	2	7	
5	219.73	130.54	229.28	91.88	39.82	1	7	
6	229.28	91.88	229.73	90.06	1.87	2	3	7	
7	229.73	90.06	231.89	81.33	8.99	1	3	
8	231.89	81.33	236.05	64.50	17.34	2	1	3	
9	236.05	64.50	239.69	49.75	15.19	1	1	
10	239.69	49.75	250.00	8.00	43.00	2	1	4	

6	5	111.364	3
1	209.00	174.00	210.29	189.95	16.00	0	
2	210.29	189.95	215.41	253.10	63.36	0	
3	215.41	253.10	218.00	285.00	32.00	1	5	

6	6	0	0

6	7	62.936	5
1	209.00	174.00	213.83	158.75	16.00	1	6	
2	213.83	158.75	214.49	156.67	2.18	0	
3	214.49	156.67	220.75	136.88	20.76	1	2	
4	220.75	136.88	223.95	126.80	10.57	2	2	7	
5	223.95	126.80	228.00	114.00	13.43	1	7	

7	0	85.907	2
1	228.00	114.00	206.21	124.06	24.00	1	7	
2	206.21	124.06	150.00	150.00	61.91	0	

7	1	82.462	6
1	228.00	114.00	232.91	94.35	20.26	1	7	
2	232.91	94.35	233.82	90.72	3.74	2	3	7	
3	233.82	90.72	235.87	82.51	8.46	1	3	
4	235.87	82.51	240.50	64.01	19.07	2	1	3	
5	240.50	64.01	243.86	50.56	13.86	1	1	
6	243.86	50.56	248.00	34.00	17.07	2	1	4	

7	2	35.735	3
1	228.00	114.00	231.00	123.26	9.74	1	7	
2	231.00	123.26	235.39	136.83	14.26	2	2	7	
3	235.39	136.83	239.00	148.00	11.74	1	2	

7	3	36.056	4
1	228.00	114.00	234.67	95.09	20.06	1	7	
2	234.67	95.09	235.99	91.37	3.94	2	3	7	
3	235.99	91.37	238.88	83.16	8.70	1	3	
4	238.88	83.16	240.00	80.00	3.35	2	1	3	

7	4	108.259	6
1	228.00	114.00	232.16	93.95	20.48	1	7	
2	232.16	93.95	232.88	90.50	3.52	2	3	7	
3	232.88	90.50	234.61	82.17	8.51	1	3	
4	234.61	82.17	238.36	64.08	18.47	2	1	3	
5	238.36	64.08	241.26	50.10	14.28	1	1	
6	241.26	50.10	250.00	8.00	43.00	2	1	4	

7	5	171.292	7
1	228.00	114.00	227.37	124.75	10.76	1	7	
2	227.37	124.75	226.60	137.96	13.24	2	2	7	
3	226.60	137.96	224.74	169.74	31.84	1	2	
4	224.74	169.74	224.68	170.81	1.07	0	
5	224.68	170.81	224.20	179.00	8.21	1	6	
6	224.20	179.00	219.87	253.05	74.18	0	
7	219.87	253.05	218.00	285.00	32.00	0	

7	6	62.936	5
1	228.00	114.00	223.95	126.80	13.43	1	7	
2	223.95	126.80	220.75	136.88	10.57	2	2	7	
3	220.75	136.88	214.49	156.67	20.76	1	2	
4	214.49	156.67	213.83	158.75	2.18	0	
5	213.83	158.75	209.00	174.00	16.00	1	6	

7	7	0	0
