6	39	2	0.001	70.0
150.000	150.000	0.000	8.000	0.000
60.000	293.000	23.000	6.000	5.000
162.000	247.000	23.000	9.000	11.000
95.000	186.000	39.000	10.000	8.000
74.000	81.000	42.000	6.000	6.000
143.000	178.000	1.000	5.000	2.000
 


0	0	0	0

0	1	168.964	4
1	150.00	150.00	132.96	177.07	31.98	0	
2	132.96	177.07	103.37	224.09	55.56	1	3	
3	103.37	224.09	72.25	273.53	58.42	0	
4	72.25	273.53	60.00	293.00	23.00	1	1	

0	2	97.739	2
1	150.00	150.00	159.18	224.17	74.74	0	
2	159.18	224.17	162.00	247.00	23.00	1	2	

0	3	65.734	2
1	150.00	150.00	127.63	164.64	26.73	0	
2	127.63	164.64	95.00	186.00	39.00	1	3	

0	4	102.650	2
1	150.00	150.00	105.10	109.23	60.65	0	
2	105.10	109.23	74.00	81.00	42.00	1	4	

0	5	28.862	2
1	150.00	150.00	143.24	177.03	27.86	0	
2	143.24	177.03	143.00	178.00	1.00	1	5	

1	0	168.964	4
1	60.00	293.00	72.25	273.53	23.00	1	1	
2	72.25	273.53	103.37	224.09	58.42	0	
3	103.37	224.09	132.96	177.07	55.56	1	3	
4	132.96	177.07	150.00	150.00	31.98	0	

1	1	0	0

1	2	111.893	3
1	60.00	293.00	80.97	283.54	23.00	1	1	
2	80.97	283.54	141.03	256.46	65.89	0	
3	141.03	256.46	162.00	247.00	23.00	1	2	

1	3	112.579	3
1	60.00	293.00	67.15	271.14	23.00	1	1	
2	67.15	271.14	82.88	223.07	50.58	0	
3	82.88	223.07	95.00	186.00	39.00	1	3	

1	4	212.462	5
1	60.00	293.00	61.52	270.05	23.00	0	
2	61.52	270.05	65.39	211.38	58.80	0	
3	65.39	211.38	68.98	156.94	54.56	0	
4	68.98	156.94	71.23	122.91	34.11	0	
5	71.23	122.91	74.00	81.00	42.00	0	

1	5	141.824	5
1	60.00	293.00	73.46	274.35	23.00	1	1	
2	73.46	274.35	111.84	221.18	65.57	0	
3	111.84	221.18	133.69	190.90	37.34	1	3	
4	133.69	190.90	142.41	178.81	14.91	0	
5	142.41	178.81	143.00	178.00	1.00	1	5	

2	0	97.739	2
1	162.00	247.00	159.18	224.17	23.00	1	2	
2	159.18	224.17	150.00	150.00	74.74	0	

2	1	111.893	3
1	162.00	247.00	141.03	256.46	23.00	1	2	
2	141.03	256.46	80.97	283.54	65.89	0	
3	80.97	283.54	60.00	293.00	23.00	1	1	

2	2	0	0

2	3	90.609	3
1	162.00	247.00	144.99	231.52	23.00	1	2	
2	144.99	231.52	123.84	212.26	28.61	0	
3	123.84	212.26	95.00	186.00	39.00	1	3	

2	4	187.883	5
1	162.00	247.00	151.23	226.68	23.00	1	2	
2	151.23	226.68	133.37	192.99	38.13	0	
3	133.37	192.99	110.75	150.32	48.29	1	3	
4	110.75	150.32	93.67	118.11	36.46	0	
5	93.67	118.11	74.00	81.00	42.00	1	4	

2	5	71.568	3
1	162.00	247.00	155.89	224.83	23.00	1	2	
2	155.89	224.83	143.27	178.96	47.57	0	
3	143.27	178.96	143.00	178.00	1.00	1	5	

3	0	65.734	2
1	95.00	186.00	127.63	164.64	39.00	1	3	
2	127.63	164.64	150.00	150.00	26.73	0	

3	1	112.579	3
1	95.00	186.00	82.88	223.07	39.00	1	3	
2	82.88	223.07	67.15	271.14	50.58	0	
3	67.15	271.14	60.00	293.00	23.00	1	1	

3	2	90.609	3
1	95.00	186.00	123.84	212.26	39.00	1	3	
2	123.84	212.26	144.99	231.52	28.61	0	
3	144.99	231.52	162.00	247.00	23.00	1	2	

3	3	0	0

3	4	107.079	3
1	95.00	186.00	87.35	147.76	39.00	1	3	
2	87.35	147.76	82.24	122.18	26.08	0	
3	82.24	122.18	74.00	81.00	42.00	1	4	

3	5	48.662	3
1	95.00	186.00	133.47	179.59	39.00	1	3	
2	133.47	179.59	142.01	178.16	8.66	0	
3	142.01	178.16	143.00	178.00	1.00	1	5	

4	0	102.650	2
1	74.00	81.00	105.10	109.23	42.00	1	4	
2	105.10	109.23	150.00	150.00	60.65	0	

4	1	212.462	5
1	74.00	81.00	71.23	122.91	42.00	0	
2	71.23	122.91	68.98	156.94	34.11	0	
3	68.98	156.94	65.39	211.38	54.56	0	
4	65.39	211.38	61.52	270.05	58.80	0	
5	61.52	270.05	60.00	293.00	23.00	0	

4	2	187.883	5
1	74.00	81.00	93.67	118.11	42.00	1	4	
2	93.67	118.11	110.75	150.32	36.46	0	
3	110.75	150.32	133.37	192.99	48.29	1	3	
4	133.37	192.99	151.23	226.68	38.13	0	
5	151.23	226.68	162.00	247.00	23.00	1	2	

4	3	107.079	3
1	74.00	81.00	82.24	122.18	42.00	1	4	
2	82.24	122.18	87.35	147.76	26.08	0	
3	87.35	147.76	95.00	186.00	39.00	1	3	

4	4	0	0

4	5	119.038	3
1	74.00	81.00	98.35	115.22	42.00	1	4	
2	98.35	115.22	142.42	177.19	76.04	0	
3	142.42	177.19	143.00	178.00	1.00	1	5	

5	0	28.862	2
1	143.00	178.00	143.24	177.03	1.00	1	5	
2	143.24	177.03	150.00	150.00	27.86	0	

5	1	141.824	5
1	143.00	178.00	142.41	178.81	1.00	1	5	
2	142.41	178.81	133.69	190.90	14.91	0	
3	133.69	190.90	111.84	221.18	37.34	1	3	
4	111.84	221.18	73.46	274.35	65.57	0	
5	73.46	274.35	60.00	293.00	23.00	1	1	

5	2	71.568	3
1	143.00	178.00	143.27	178.96	1.00	1	5	
2	143.27	178.96	155.89	224.83	47.57	0	
3	155.89	224.83	162.00	247.00	23.00	1	2	

5	3	48.662	3
1	143.00	178.00	142.01	178.16	1.00	1	5	
2	142.01	178.16	133.47	179.59	8.66	0	
3	133.47	179.59	95.00	186.00	39.00	1	3	

5	4	119.038	3
1	143.00	178.00	142.42	177.19	1.00	1	5	
2	142.42	177.19	98.35	115.22	76.04	0	
3	98.35	115.22	74.00	81.00	42.00	1	4	

5	5	0	0
