6	39	2	0.001	50.0
23.000	215.000	0.000	2.000	0.000
168.000	4.000	24.000	8.000	4.000
186.000	198.000	32.000	5.000	6.000
96.000	269.000	40.000	6.000	5.000
67.000	103.000	48.000	2.000	4.000
21.000	17.000	34.000	3.000	12.000
 


0	0	0	0

0	1	256.020	4
1	23.00	215.00	66.98	151.00	77.66	0	
2	66.98	151.00	111.80	85.78	79.14	1	4	
3	111.80	85.78	154.41	23.78	75.22	0	
4	154.41	23.78	168.00	4.00	24.00	1	1	

0	2	163.884	2
1	23.00	215.00	154.17	201.32	131.88	0	
2	154.17	201.32	186.00	198.00	32.00	1	2	

0	3	90.802	2
1	23.00	215.00	63.84	245.21	50.80	0	
2	63.84	245.21	96.00	269.00	40.00	1	3	

0	4	120.333	2
1	23.00	215.00	49.45	147.68	72.33	0	
2	49.45	147.68	67.00	103.00	48.00	1	4	

0	5	198.010	4
1	23.00	215.00	22.04	119.80	95.20	0	
2	22.04	119.80	21.71	87.10	32.70	0	
3	21.71	87.10	21.34	51.00	36.11	0	
4	21.34	51.00	21.00	17.00	34.00	1	5	

1	0	256.020	4
1	168.00	4.00	154.41	23.78	24.00	1	1	
2	154.41	23.78	111.80	85.78	75.22	0	
3	111.80	85.78	66.98	151.00	79.14	1	4	
4	66.98	151.00	23.00	215.00	77.66	0	

1	1	0	0

1	2	194.833	3
1	168.00	4.00	170.22	27.90	24.00	0	
2	170.22	27.90	183.04	166.14	138.83	0	
3	183.04	166.14	186.00	198.00	32.00	0	

1	3	274.607	3
1	168.00	4.00	161.71	27.16	24.00	1	1	
2	161.71	27.16	106.49	230.40	210.61	0	
3	106.49	230.40	96.00	269.00	40.00	1	3	

1	4	141.428	3
1	168.00	4.00	150.86	20.80	24.00	1	1	
2	150.86	20.80	101.28	69.40	69.43	0	
3	101.28	69.40	67.00	103.00	48.00	1	4	

1	5	147.574	3
1	168.00	4.00	144.09	6.11	24.00	1	1	
2	144.09	6.11	54.87	14.00	89.57	0	
3	54.87	14.00	21.00	17.00	34.00	1	5	

2	0	163.884	2
1	186.00	198.00	154.17	201.32	32.00	1	2	
2	154.17	201.32	23.00	215.00	131.88	0	

2	1	194.833	3
1	186.00	198.00	183.04	166.14	32.00	0	
2	183.04	166.14	170.22	27.90	138.83	0	
3	170.22	27.90	168.00	4.00	24.00	0	

2	2	0	0

2	3	114.634	3
1	186.00	198.00	160.88	217.82	32.00	1	2	
2	160.88	217.82	127.40	244.23	42.63	0	
3	127.40	244.23	96.00	269.00	40.00	1	3	

2	4	152.269	3
1	186.00	198.00	160.99	178.04	32.00	1	2	
2	160.99	178.04	104.51	132.95	72.27	0	
3	104.51	132.95	67.00	103.00	48.00	1	4	

2	5	244.920	5
1	186.00	198.00	164.44	174.35	32.00	1	2	
2	164.44	174.35	112.72	117.61	76.77	0	
3	112.72	117.61	56.67	56.13	83.20	1	4	
4	56.67	56.13	43.91	42.13	18.94	0	
5	43.91	42.13	21.00	17.00	34.00	1	5	

3	0	90.802	2
1	96.00	269.00	63.84	245.21	40.00	1	3	
2	63.84	245.21	23.00	215.00	50.80	0	

3	1	274.607	3
1	96.00	269.00	106.49	230.40	40.00	1	3	
2	106.49	230.40	161.71	27.16	210.61	0	
3	161.71	27.16	168.00	4.00	24.00	1	1	

3	2	114.634	3
1	96.00	269.00	127.40	244.23	40.00	1	3	
2	127.40	244.23	160.88	217.82	42.63	0	
3	160.88	217.82	186.00	198.00	32.00	1	2	

3	3	0	0

3	4	168.514	3
1	96.00	269.00	89.12	229.60	40.00	1	3	
2	89.12	229.60	75.26	150.28	80.51	0	
3	75.26	150.28	67.00	103.00	48.00	1	4	

3	5	262.924	5
1	96.00	269.00	84.59	230.66	40.00	1	3	
2	84.59	230.66	60.76	150.59	83.54	0	
3	60.76	150.59	35.75	66.56	87.67	1	4	
4	35.75	66.56	30.70	49.59	17.71	0	
5	30.70	49.59	21.00	17.00	34.00	1	5	

4	0	120.333	2
1	67.00	103.00	49.45	147.68	48.00	1	4	
2	49.45	147.68	23.00	215.00	72.33	0	

4	1	141.428	3
1	67.00	103.00	101.28	69.40	48.00	1	4	
2	101.28	69.40	150.86	20.80	69.43	0	
3	150.86	20.80	168.00	4.00	24.00	1	1	

4	2	152.269	3
1	67.00	103.00	104.51	132.95	48.00	1	4	
2	104.51	132.95	160.99	178.04	72.27	0	
3	160.99	178.04	186.00	198.00	32.00	1	2	

4	3	168.514	3
1	67.00	103.00	75.26	150.28	48.00	1	4	
2	75.26	150.28	89.12	229.60	80.51	0	
3	89.12	229.60	96.00	269.00	40.00	1	3	

4	4	0	0

4	5	97.529	3
1	67.00	103.00	44.36	60.67	48.00	1	4	
2	44.36	60.67	37.04	46.98	15.53	0	
3	37.04	46.98	21.00	17.00	34.00	1	5	

5	0	198.010	4
1	21.00	17.00	21.34	51.00	34.00	1	5	
2	21.34	51.00	21.71	87.10	36.11	0	
3	21.71	87.10	22.04	119.80	32.70	0	
4	22.04	119.80	23.00	215.00	95.20	0	

5	1	147.574	3
1	21.00	17.00	54.87	14.00	34.00	1	5	
2	54.87	14.00	144.09	6.11	89.57	0	
3	144.09	6.11	168.00	4.00	24.00	1	1	

5	2	244.920	5
1	21.00	17.00	43.91	42.13	34.00	1	5	
2	43.91	42.13	56.67	56.13	18.94	0	
3	56.67	56.13	112.72	117.61	83.20	1	4	
4	112.72	117.61	164.44	174.35	76.77	0	
5	164.44	174.35	186.00	198.00	32.00	1	2	

5	3	262.924	5
1	21.00	17.00	30.70	49.59	34.00	1	5	
2	30.70	49.59	35.75	66.56	17.71	0	
3	35.75	66.56	60.76	150.59	87.67	1	4	
4	60.76	150.59	84.59	230.66	83.54	0	
5	84.59	230.66	96.00	269.00	40.00	1	3	

5	4	97.529	3
1	21.00	17.00	37.04	46.98	34.00	1	5	
2	37.04	46.98	44.36	60.67	15.53	0	
3	44.36	60.67	67.00	103.00	48.00	1	4	

5	5	0	0
