9	127	2	0.001	120.0
150.000	150.000	0.000	4.000	0.000
127.000	232.000	19.000	5.000	1.000
167.000	173.000	33.000	3.000	7.000
161.000	2.000	34.000	5.000	1.000
240.000	159.000	10.000	9.000	15.000
193.000	83.000	41.000	3.000	3.000
164.000	289.000	47.000	10.000	16.000
154.000	45.000	13.000	4.000	6.000
46.000	289.000	43.000	6.000	7.000
 


0	0	0	0

0	1	85.165	3
1	150.00	150.00	138.76	190.07	41.62	1	2	
2	138.76	190.07	132.13	213.71	24.54	0	
3	132.13	213.71	127.00	232.00	19.00	1	1	

0	2	28.601	1
1	150.00	150.00	167.00	173.00	28.60	1	2	

0	3	148.408	7
1	150.00	150.00	150.41	144.47	5.54	1	2	
2	150.41	144.47	154.03	95.75	48.86	0	
3	154.03	95.75	156.34	64.63	31.20	0	
4	156.34	64.63	156.86	57.68	6.97	0	
5	156.86	57.68	158.48	35.91	21.83	0	
6	158.48	35.91	158.70	32.88	3.03	1	7	
7	158.70	32.88	161.00	2.00	30.97	1	3	

0	4	90.449	3
1	150.00	150.00	194.28	154.43	44.50	1	2	
2	194.28	154.43	230.05	158.00	35.95	0	
3	230.05	158.00	240.00	159.00	10.00	1	4	

0	5	79.612	3
1	150.00	150.00	154.96	142.28	9.18	1	2	
2	154.96	142.28	170.85	117.50	29.43	0	
3	170.85	117.50	193.00	83.00	41.00	1	5	

0	6	139.703	3
1	150.00	150.00	155.43	203.91	54.18	0	
2	155.43	203.91	159.29	242.24	38.53	0	
3	159.29	242.24	164.00	289.00	47.00	0	

0	7	105.076	5
1	150.00	150.00	150.21	144.59	5.41	0	
2	150.21	144.59	152.35	88.34	56.29	0	
3	152.35	88.34	152.87	74.58	13.77	0	
4	152.87	74.58	153.51	57.99	16.60	0	
5	153.51	57.99	154.00	45.00	13.00	0	

0	8	173.600	3
1	150.00	150.00	134.04	171.33	26.64	1	2	
2	134.04	171.33	71.76	254.57	103.96	0	
3	71.76	254.57	46.00	289.00	43.00	1	8	

1	0	85.165	3
1	127.00	232.00	132.13	213.71	19.00	1	1	
2	132.13	213.71	138.76	190.07	24.54	0	
3	138.76	190.07	150.00	150.00	41.62	1	2	

1	1	0	0

1	2	71.281	3
1	127.00	232.00	137.66	216.27	19.00	1	1	
2	137.66	216.27	148.48	200.31	19.28	0	
3	148.48	200.31	167.00	173.00	33.00	1	2	

1	3	232.499	7
1	127.00	232.00	129.78	213.20	19.00	1	1	
2	129.78	213.20	134.71	179.82	33.74	0	
3	134.71	179.82	138.07	157.13	22.94	1	2	
4	138.07	157.13	152.73	57.94	100.27	0	
5	152.73	57.94	156.03	35.63	22.55	1	7	
6	156.03	35.63	156.53	32.25	3.42	1	7	
7	156.53	32.25	161.00	2.00	30.58	1	3	

1	4	134.529	5
1	127.00	232.00	142.96	221.69	19.00	1	1	
2	142.96	221.69	167.25	206.00	28.92	0	
3	167.25	206.00	196.98	186.79	35.40	1	2	
4	196.98	186.79	231.60	164.43	41.22	0	
5	231.60	164.43	240.00	159.00	10.00	1	4	

1	5	162.963	5
1	127.00	232.00	134.69	214.63	19.00	1	1	
2	134.69	214.63	143.07	195.72	20.68	0	
3	143.07	195.72	167.75	140.01	60.94	1	2	
4	167.75	140.01	176.40	120.49	21.35	0	
5	176.40	120.49	193.00	83.00	41.00	1	5	

1	6	67.956	3
1	127.00	232.00	137.34	247.94	19.00	1	1	
2	137.34	247.94	138.41	249.58	1.96	0	
3	138.41	249.58	164.00	289.00	47.00	1	6	

1	7	188.939	5
1	127.00	232.00	129.72	213.19	19.00	0	
2	129.72	213.19	134.61	179.31	34.24	0	
3	134.61	179.31	137.72	157.79	21.74	1	2	
4	137.72	157.79	152.14	57.87	100.96	0	
5	152.14	57.87	154.00	45.00	13.00	1	7	

1	8	99.045	3
1	127.00	232.00	111.46	242.93	19.00	1	1	
2	111.46	242.93	81.17	264.25	37.05	0	
3	81.17	264.25	46.00	289.00	43.00	1	8	

2	0	28.601	1
1	167.00	173.00	150.00	150.00	28.60	1	2	

2	1	71.281	3
1	167.00	173.00	148.48	200.31	33.00	1	2	
2	148.48	200.31	137.66	216.27	19.28	0	
3	137.66	216.27	127.00	232.00	19.00	1	1	

2	2	0	0

2	3	171.105	7
1	167.00	173.00	165.84	140.02	33.00	0	
2	165.84	140.02	164.89	112.85	27.19	0	
3	164.89	112.85	162.87	55.20	57.68	1	5	
4	162.87	55.20	162.84	54.53	0.67	0	
5	162.84	54.53	162.19	35.98	18.56	1	7	
6	162.19	35.98	162.15	34.87	1.10	2	3	7	
7	162.15	34.87	161.00	2.00	32.89	1	3	

2	4	74.330	3
1	167.00	173.00	199.41	166.78	33.00	1	2	
2	199.41	166.78	230.18	160.88	31.33	0	
3	230.18	160.88	240.00	159.00	10.00	1	4	

2	5	93.680	3
1	167.00	173.00	176.16	141.30	33.00	1	2	
2	176.16	141.30	181.62	122.39	19.68	0	
3	181.62	122.39	193.00	83.00	41.00	1	5	

2	6	116.039	3
1	167.00	173.00	166.15	205.99	33.00	0	
2	166.15	205.99	165.22	242.02	36.04	0	
3	165.22	242.02	164.00	289.00	47.00	1	6	

2	7	128.658	5
1	167.00	173.00	163.67	140.17	33.00	1	2	
2	163.67	140.17	160.38	107.84	32.49	0	
3	160.38	107.84	156.05	65.22	42.84	1	5	
4	156.05	65.22	155.31	57.93	7.33	0	
5	155.31	57.93	154.00	45.00	13.00	0	

2	8	167.622	5
1	167.00	173.00	143.18	195.84	33.00	1	2	
2	143.18	195.84	125.19	213.09	24.93	0	
3	125.19	213.09	108.18	229.39	23.56	1	1	
4	108.18	229.39	77.04	259.24	43.14	0	
5	77.04	259.24	46.00	289.00	43.00	1	8	

3	0	148.408	7
1	161.00	2.00	158.70	32.88	30.97	1	3	
2	158.70	32.88	158.48	35.91	3.03	1	7	
3	158.48	35.91	156.86	57.68	21.83	0	
4	156.86	57.68	156.34	64.63	6.97	0	
5	156.34	64.63	154.03	95.75	31.20	0	
6	154.03	95.75	150.41	144.47	48.86	0	
7	150.41	144.47	150.00	150.00	5.54	1	2	

3	1	232.499	7
1	161.00	2.00	156.53	32.25	30.58	1	3	
2	156.53	32.25	156.03	35.63	3.42	1	7	
3	156.03	35.63	152.73	57.94	22.55	1	7	
4	152.73	57.94	138.07	157.13	100.27	0	
5	138.07	157.13	134.71	179.82	22.94	1	2	
6	134.71	179.82	129.78	213.20	33.74	0	
7	129.78	213.20	127.00	232.00	19.00	1	1	

3	2	171.105	7
1	161.00	2.00	162.15	34.87	32.89	1	3	
2	162.15	34.87	162.19	35.98	1.10	2	3	7	
3	162.19	35.98	162.84	54.53	18.56	1	7	
4	162.84	54.53	162.87	55.20	0.67	0	
5	162.87	55.20	164.89	112.85	57.68	1	5	
6	164.89	112.85	165.84	140.02	27.19	0	
7	165.84	140.02	167.00	173.00	33.00	0	

3	3	0	0

3	4	175.756	5
1	161.00	2.00	176.28	32.37	34.00	1	3	
2	176.28	32.37	181.90	43.53	12.49	0	
3	181.90	43.53	218.08	115.44	80.49	1	5	
4	218.08	115.44	235.51	150.07	38.77	0	
5	235.51	150.07	240.00	159.00	10.00	1	4	

3	5	87.092	3
1	161.00	2.00	173.49	33.62	34.00	1	3	
2	173.49	33.62	177.94	44.87	12.09	0	
3	177.94	44.87	193.00	83.00	41.00	1	5	

3	6	287.016	9
1	161.00	2.00	161.34	34.27	32.27	1	3	
2	161.34	34.27	161.36	36.00	1.73	1	7	
3	161.36	36.00	161.56	55.57	19.57	1	7	
4	161.56	55.57	161.57	56.67	1.10	0	
5	161.57	56.67	162.13	109.98	53.31	1	5	
6	162.13	109.98	162.45	140.31	30.34	0	
7	162.45	140.31	163.13	205.77	65.46	0	
8	163.13	205.77	163.51	242.00	36.23	0	
9	163.51	242.00	164.00	289.00	47.00	0	

3	7	43.566	3
1	161.00	2.00	156.09	32.17	30.57	1	3	
2	156.09	32.17	155.54	35.56	3.43	1	7	
3	155.54	35.56	154.00	45.00	9.57	1	7	

3	8	309.183	5
1	161.00	2.00	148.49	33.23	33.64	1	3	
2	148.49	33.23	148.35	33.56	0.36	2	3	7	
3	148.35	33.56	141.88	49.71	17.40	1	7	
4	141.88	49.71	61.99	249.09	214.79	0	
5	61.99	249.09	46.00	289.00	43.00	1	8	

4	0	90.449	3
1	240.00	159.00	230.05	158.00	10.00	1	4	
2	230.05	158.00	194.28	154.43	35.95	0	
3	194.28	154.43	150.00	150.00	44.50	1	2	

4	1	134.529	5
1	240.00	159.00	231.60	164.43	10.00	1	4	
2	231.60	164.43	196.98	186.79	41.22	0	
3	196.98	186.79	167.25	206.00	35.40	1	2	
4	167.25	206.00	142.96	221.69	28.92	0	
5	142.96	221.69	127.00	232.00	19.00	1	1	

4	2	74.330	3
1	240.00	159.00	230.18	160.88	10.00	1	4	
2	230.18	160.88	199.41	166.78	31.33	0	
3	199.41	166.78	167.00	173.00	33.00	1	2	

4	3	175.756	5
1	240.00	159.00	235.51	150.07	10.00	1	4	
2	235.51	150.07	218.08	115.44	38.77	0	
3	218.08	115.44	181.90	43.53	80.49	1	5	
4	181.90	43.53	176.28	32.37	12.49	0	
5	176.28	32.37	161.00	2.00	34.00	1	3	

4	4	0	0

4	5	89.359	3
1	240.00	159.00	234.74	150.50	10.00	1	4	
2	234.74	150.50	214.56	117.87	38.36	0	
3	214.56	117.87	193.00	83.00	41.00	1	5	

4	6	150.586	3
1	240.00	159.00	234.95	167.63	10.00	1	4	
2	234.95	167.63	187.72	248.43	93.59	0	
3	187.72	248.43	164.00	289.00	47.00	1	6	

4	7	142.801	5
1	240.00	159.00	233.98	151.02	10.00	1	4	
2	233.98	151.02	210.60	120.03	38.82	0	
3	210.60	120.03	162.23	55.91	80.32	1	5	
4	162.23	55.91	161.83	55.38	0.66	0	
5	161.83	55.38	154.00	45.00	13.00	1	7	

4	8	233.529	7
1	240.00	159.00	231.69	164.57	10.00	1	4	
2	231.69	164.57	196.22	188.34	42.70	0	
3	196.22	188.34	170.08	205.86	31.47	1	2	
4	170.08	205.86	143.93	223.38	31.47	0	
5	143.93	223.38	112.59	244.38	37.73	1	1	
6	112.59	244.38	81.72	265.06	37.15	0	
7	81.72	265.06	46.00	289.00	43.00	1	8	

5	0	79.612	3
1	193.00	83.00	170.85	117.50	41.00	1	5	
2	170.85	117.50	154.96	142.28	29.43	0	
3	154.96	142.28	150.00	150.00	9.18	1	2	

5	1	162.963	5
1	193.00	83.00	176.40	120.49	41.00	1	5	
2	176.40	120.49	167.75	140.01	21.35	0	
3	167.75	140.01	143.07	195.72	60.94	1	2	
4	143.07	195.72	134.69	214.63	20.68	0	
5	134.69	214.63	127.00	232.00	19.00	1	1	

5	2	93.680	3
1	193.00	83.00	181.62	122.39	41.00	1	5	
2	181.62	122.39	176.16	141.30	19.68	0	
3	176.16	141.30	167.00	173.00	33.00	1	2	

5	3	87.092	3
1	193.00	83.00	177.94	44.87	41.00	1	5	
2	177.94	44.87	173.49	33.62	12.09	0	
3	173.49	33.62	161.00	2.00	34.00	1	3	

5	4	89.359	3
1	193.00	83.00	214.56	117.87	41.00	1	5	
2	214.56	117.87	234.74	150.50	38.36	0	
3	234.74	150.50	240.00	159.00	10.00	1	4	

5	5	0	0

5	6	208.031	5
1	193.00	83.00	187.28	123.60	41.00	0	
2	187.28	123.60	184.29	144.89	21.50	0	
3	184.29	144.89	175.85	204.79	60.49	0	
4	175.85	204.79	170.55	242.46	38.04	0	
5	170.55	242.46	164.00	289.00	47.00	1	6	

5	7	54.452	3
1	193.00	83.00	163.63	54.39	41.00	1	5	
2	163.63	54.39	163.31	54.07	0.45	0	
3	163.31	54.07	154.00	45.00	13.00	1	7	

5	8	253.071	5
1	193.00	83.00	169.18	116.37	41.00	1	5	
2	169.18	116.37	148.06	145.98	36.37	0	
3	148.06	145.98	135.29	163.88	21.99	1	2	
4	135.29	163.88	70.98	254.00	110.71	0	
5	70.98	254.00	46.00	289.00	43.00	1	8	

6	0	139.703	3
1	164.00	289.00	159.29	242.24	47.00	0	
2	159.29	242.24	155.43	203.91	38.53	0	
3	155.43	203.91	150.00	150.00	54.18	0	

6	1	67.956	3
1	164.00	289.00	138.41	249.58	47.00	1	6	
2	138.41	249.58	137.34	247.94	1.96	0	
3	137.34	247.94	127.00	232.00	19.00	1	1	

6	2	116.039	3
1	164.00	289.00	165.22	242.02	47.00	1	6	
2	165.22	242.02	166.15	205.99	36.04	0	
3	166.15	205.99	167.00	173.00	33.00	0	

6	3	287.016	9
1	164.00	289.00	163.51	242.00	47.00	0	
2	163.51	242.00	163.13	205.77	36.23	0	
3	163.13	205.77	162.45	140.31	65.46	0	
4	162.45	140.31	162.13	109.98	30.34	0	
5	162.13	109.98	161.57	56.67	53.31	1	5	
6	161.57	56.67	161.56	55.57	1.10	0	
7	161.56	55.57	161.36	36.00	19.57	1	7	
8	161.36	36.00	161.34	34.27	1.73	1	7	
9	161.34	34.27	161.00	2.00	32.27	1	3	

6	4	150.586	3
1	164.00	289.00	187.72	248.43	47.00	1	6	
2	187.72	248.43	234.95	167.63	93.59	0	
3	234.95	167.63	240.00	159.00	10.00	1	4	

6	5	208.031	5
1	164.00	289.00	170.55	242.46	47.00	1	6	
2	170.55	242.46	175.85	204.79	38.04	0	
3	175.85	204.79	184.29	144.89	60.49	0	
4	184.29	144.89	187.28	123.60	21.50	0	
5	187.28	123.60	193.00	83.00	41.00	0	

6	6	0	0

6	7	244.205	7
1	164.00	289.00	162.08	242.04	47.00	1	6	
2	162.08	242.04	160.57	205.37	36.70	0	
3	160.57	205.37	157.95	141.27	64.16	0	
4	157.95	141.27	156.31	101.29	40.01	0	
5	156.31	101.29	154.93	67.77	33.55	0	
6	154.93	67.77	154.53	57.99	9.79	0	
7	154.53	57.99	154.00	45.00	13.00	1	7	

6	8	118.000	3
1	164.00	289.00	117.00	289.00	47.00	1	6	
2	117.00	289.00	89.00	289.00	28.00	0	
3	89.00	289.00	46.00	289.00	43.00	1	8	

7	0	105.076	5
1	154.00	45.00	153.51	57.99	13.00	0	
2	153.51	57.99	152.87	74.58	16.60	0	
3	152.87	74.58	152.35	88.34	13.77	0	
4	152.35	88.34	150.21	144.59	56.29	0	
5	150.21	144.59	150.00	150.00	5.41	0	

7	1	188.939	5
1	154.00	45.00	152.14	57.87	13.00	1	7	
2	152.14	57.87	137.72	157.79	100.96	0	
3	137.72	157.79	134.61	179.31	21.74	1	2	
4	134.61	179.31	129.72	213.19	34.24	0	
5	129.72	213.19	127.00	232.00	19.00	0	

7	2	128.658	5
1	154.00	45.00	155.31	57.93	13.00	0	
2	155.31	57.93	156.05	65.22	7.33	0	
3	156.05	65.22	160.38	107.84	42.84	1	5	
4	160.38	107.84	163.67	140.17	32.49	0	
5	163.67	140.17	167.00	173.00	33.00	1	2	

7	3	43.566	3
1	154.00	45.00	155.54	35.56	9.57	1	7	
2	155.54	35.56	156.09	32.17	3.43	1	7	
3	156.09	32.17	161.00	2.00	30.57	1	3	

7	4	142.801	5
1	154.00	45.00	161.83	55.38	13.00	1	7	
2	161.83	55.38	162.23	55.91	0.66	0	
3	162.23	55.91	210.60	120.03	80.32	1	5	
4	210.60	120.03	233.98	151.02	38.82	0	
5	233.98	151.02	240.00	159.00	10.00	1	4	

7	5	54.452	3
1	154.00	45.00	163.31	54.07	13.00	1	7	
2	163.31	54.07	163.63	54.39	0.45	0	
3	163.63	54.39	193.00	83.00	41.00	1	5	

7	6	244.205	7
1	154.00	45.00	154.53	57.99	13.00	1	7	
2	154.53	57.99	154.93	67.77	9.79	0	
3	154.93	67.77	156.31	101.29	33.55	0	
4	156.31	101.29	157.95	141.27	40.01	0	
5	157.95	141.27	160.57	205.37	64.16	0	
6	160.57	205.37	162.08	242.04	36.70	0	
7	162.08	242.04	164.00	289.00	47.00	1	6	

7	7	0	0

7	8	266.833	3
1	154.00	45.00	148.74	56.89	13.00	1	7	
2	148.74	56.89	63.40	249.68	210.83	0	
3	63.40	249.68	46.00	289.00	43.00	1	8	

8	0	173.600	3
1	46.00	289.00	71.76	254.57	43.00	1	8	
2	71.76	254.57	134.04	171.33	103.96	0	
3	134.04	171.33	150.00	150.00	26.64	1	2	

8	1	99.045	3
1	46.00	289.00	81.17	264.25	43.00	1	8	
2	81.17	264.25	111.46	242.93	37.05	0	
3	111.46	242.93	127.00	232.00	19.00	1	1	

8	2	167.622	5
1	46.00	289.00	77.04	259.24	43.00	1	8	
2	77.04	259.24	108.18	229.39	43.14	0	
3	108.18	229.39	125.19	213.09	23.56	1	1	
4	125.19	213.09	143.18	195.84	24.93	0	
5	143.18	195.84	167.00	173.00	33.00	1	2	

8	3	309.183	5
1	46.00	289.00	61.99	249.09	43.00	1	8	
2	61.99	249.09	141.88	49.71	214.79	0	
3	141.88	49.71	148.35	33.56	17.40	1	7	
4	148.35	33.56	148.49	33.23	0.36	2	3	7	
5	148.49	33.23	161.00	2.00	33.64	1	3	

8	4	233.529	7
1	46.00	289.00	81.72	265.06	43.00	1	8	
2	81.72	265.06	112.59	244.38	37.15	0	
3	112.59	244.38	143.93	223.38	37.73	1	1	
4	143.93	223.38	170.08	205.86	31.47	0	
5	170.08	205.86	196.22	188.34	31.47	1	2	
6	196.22	188.34	231.69	164.57	42.70	0	
7	231.69	164.57	240.00	159.00	10.00	1	4	

8	5	253.071	5
1	46.00	289.00	70.98	254.00	43.00	1	8	
2	70.98	254.00	135.29	163.88	110.71	0	
3	135.29	163.88	148.06	145.98	21.99	1	2	
4	148.06	145.98	169.18	116.37	36.37	0	
5	169.18	116.37	193.00	83.00	41.00	1	5	

8	6	118.000	3
1	46.00	289.00	89.00	289.00	43.00	1	8	
2	89.00	289.00	117.00	289.00	28.00	0	
3	117.00	289.00	164.00	289.00	47.00	1	6	

8	7	266.833	3
1	46.00	289.00	63.40	249.68	43.00	1	8	
2	63.40	249.68	148.74	56.89	210.83	0	
3	148.74	56.89	154.00	45.00	13.00	1	7	

8	8	0	0
