6	42	2	0.001	80.0
150.000	150.000	0.000	3.000	0.000
195.000	282.000	20.000	9.000	9.000
178.000	194.000	47.000	6.000	12.000
69.000	62.000	1.000	3.000	10.000
214.000	112.000	27.000	8.000	3.000
211.000	142.000	48.000	6.000	6.000
 


0	0	0	0

0	1	139.460	4
1	150.00	150.00	151.72	155.04	5.32	0	
2	151.72	155.04	180.99	240.90	90.72	0	
3	180.99	240.90	188.55	263.07	23.42	0	
4	188.55	263.07	195.00	282.00	20.00	1	1	

0	2	52.154	2
1	150.00	150.00	152.77	154.35	5.15	0	
2	152.77	154.35	178.00	194.00	47.00	1	2	

0	3	119.604	2
1	150.00	150.00	69.68	62.74	118.60	0	
2	69.68	62.74	69.00	62.00	1.00	1	3	

0	4	74.431	3
1	150.00	150.00	163.00	142.28	15.12	0	
2	163.00	142.28	190.78	125.78	32.31	1	5	
3	190.78	125.78	214.00	112.00	27.00	2	4	5	

0	5	61.522	2
1	150.00	150.00	163.41	148.24	13.52	0	
2	163.41	148.24	211.00	142.00	48.00	1	5	

1	0	139.460	4
1	195.00	282.00	188.55	263.07	20.00	1	1	
2	188.55	263.07	180.99	240.90	23.42	0	
3	180.99	240.90	151.72	155.04	90.72	0	
4	151.72	155.04	150.00	150.00	5.32	0	

1	1	0	0

1	2	89.627	3
1	195.00	282.00	191.21	262.36	20.00	1	1	
2	191.21	262.36	186.91	240.15	22.63	0	
3	186.91	240.15	178.00	194.00	47.00	1	2	

1	3	253.527	5
1	195.00	282.00	185.06	264.64	20.00	1	1	
2	185.06	264.64	171.24	240.51	27.81	0	
3	171.24	240.51	134.46	176.30	74.00	1	2	
4	134.46	176.30	69.50	62.87	130.72	0	
5	69.50	62.87	69.00	62.00	1.00	1	3	

1	4	171.058	6
1	195.00	282.00	197.22	262.12	20.00	0	
2	197.22	262.12	200.21	235.42	26.87	0	
3	200.21	235.42	205.32	189.66	46.05	1	2	
4	205.32	189.66	208.80	158.50	31.36	1	2	
5	208.80	158.50	211.00	138.83	19.79	1	5	
6	211.00	138.83	214.00	112.00	27.00	1	5	

1	5	140.911	5
1	195.00	282.00	197.27	262.13	20.00	1	1	
2	197.27	262.13	200.33	235.36	26.95	0	
3	200.33	235.36	205.55	189.69	45.96	0	
4	205.55	189.69	209.09	158.75	31.14	2	2	5	
5	209.09	158.75	211.00	142.00	16.86	1	5	

2	0	52.154	2
1	178.00	194.00	152.77	154.35	47.00	1	2	
2	152.77	154.35	150.00	150.00	5.15	0	

2	1	89.627	3
1	178.00	194.00	186.91	240.15	47.00	1	2	
2	186.91	240.15	191.21	262.36	22.63	0	
3	191.21	262.36	195.00	282.00	20.00	1	1	

2	2	0	0

2	3	171.187	3
1	178.00	194.00	148.07	157.76	47.00	1	2	
2	148.07	157.76	69.64	62.77	123.19	0	
3	69.64	62.77	69.00	62.00	1.00	1	3	

2	4	89.554	4
1	178.00	194.00	183.54	181.37	13.79	1	2	
2	183.54	181.37	196.89	150.96	33.21	2	2	5	
3	196.89	150.96	203.15	136.72	15.55	1	5	
4	203.15	136.72	214.00	112.00	27.00	2	4	5	

2	5	61.587	3
1	178.00	194.00	185.28	182.53	13.59	1	2	
2	185.28	182.53	203.18	154.32	33.41	2	2	5	
3	203.18	154.32	211.00	142.00	14.59	1	5	

3	0	119.604	2
1	69.00	62.00	69.68	62.74	1.00	1	3	
2	69.68	62.74	150.00	150.00	118.60	0	

3	1	253.527	5
1	69.00	62.00	69.50	62.87	1.00	1	3	
2	69.50	62.87	134.46	176.30	130.72	0	
3	134.46	176.30	171.24	240.51	74.00	1	2	
4	171.24	240.51	185.06	264.64	27.81	0	
5	185.06	264.64	195.00	282.00	20.00	1	1	

3	2	171.187	3
1	69.00	62.00	69.64	62.77	1.00	1	3	
2	69.64	62.77	148.07	157.76	123.19	0	
3	148.07	157.76	178.00	194.00	47.00	1	2	

3	3	0	0

3	4	153.379	4
1	69.00	62.00	69.95	62.33	1.00	1	3	
2	69.95	62.33	184.65	101.88	121.33	0	
3	184.65	101.88	188.47	103.20	4.05	1	5	
4	188.47	103.20	214.00	112.00	27.00	2	4	5	

3	5	162.985	3
1	69.00	62.00	69.87	62.49	1.00	1	3	
2	69.87	62.49	169.18	118.44	113.98	0	
3	169.18	118.44	211.00	142.00	48.00	1	5	

4	0	74.431	3
1	214.00	112.00	190.78	125.78	27.00	2	4	5	
2	190.78	125.78	163.00	142.28	32.31	1	5	
3	163.00	142.28	150.00	150.00	15.12	0	

4	1	171.058	6
1	214.00	112.00	211.00	138.83	27.00	1	5	
2	211.00	138.83	208.80	158.50	19.79	1	5	
3	208.80	158.50	205.32	189.66	31.36	1	2	
4	205.32	189.66	200.21	235.42	46.05	1	2	
5	200.21	235.42	197.22	262.12	26.87	0	
6	197.22	262.12	195.00	282.00	20.00	0	

4	2	89.554	4
1	214.00	112.00	203.15	136.72	27.00	2	4	5	
2	203.15	136.72	196.89	150.96	15.55	1	5	
3	196.89	150.96	183.54	181.37	33.21	2	2	5	
4	183.54	181.37	178.00	194.00	13.79	1	2	

4	3	153.379	4
1	214.00	112.00	188.47	103.20	27.00	2	4	5	
2	188.47	103.20	184.65	101.88	4.05	1	5	
3	184.65	101.88	69.95	62.33	121.33	0	
4	69.95	62.33	69.00	62.00	1.00	1	3	

4	4	0	0

4	5	30.150	2
1	214.00	112.00	211.31	138.87	27.00	2	4	5	
2	211.31	138.87	211.00	142.00	3.15	1	5	

5	0	61.522	2
1	211.00	142.00	163.41	148.24	48.00	1	5	
2	163.41	148.24	150.00	150.00	13.52	0	

5	1	140.911	5
1	211.00	142.00	209.09	158.75	16.86	1	5	
2	209.09	158.75	205.55	189.69	31.14	2	2	5	
3	205.55	189.69	200.33	235.36	45.96	0	
4	200.33	235.36	197.27	262.13	26.95	0	
5	197.27	262.13	195.00	282.00	20.00	1	1	

5	2	61.587	3
1	211.00	142.00	203.18	154.32	14.59	1	5	
2	203.18	154.32	185.28	182.53	33.41	2	2	5	
3	185.28	182.53	178.00	194.00	13.59	1	2	

5	3	162.985	3
1	211.00	142.00	169.18	118.44	48.00	1	5	
2	169.18	118.44	69.87	62.49	113.98	0	
3	69.87	62.49	69.00	62.00	1.00	1	3	

5	4	30.150	2
1	211.00	142.00	211.31	138.87	3.15	1	5	
2	211.31	138.87	214.00	112.00	27.00	2	4	5	

5	5	0	0
