7	55	2	0.001	80.0
150.000	150.000	0.000	6.000	0.000
251.000	145.000	50.000	5.000	12.000
265.000	117.000	14.000	5.000	17.000
40.000	224.000	48.000	8.000	5.000
247.000	204.000	24.000	7.000	3.000
24.000	163.000	27.000	4.000	12.000
53.000	231.000	50.000	10.000	18.000
 


0	0	0	0

0	1	101.124	2
1	150.00	150.00	201.06	147.47	51.12	0	
2	201.06	147.47	251.00	145.00	50.00	1	1	

0	2	119.641	3
1	150.00	150.00	201.99	135.08	54.09	0	
2	201.99	135.08	251.54	120.86	51.55	1	1	
3	251.54	120.86	265.00	117.00	14.00	2	1	2	

0	3	132.575	3
1	150.00	150.00	85.75	193.22	77.43	0	
2	85.75	193.22	79.83	197.21	7.14	1	6	
3	79.83	197.21	40.00	224.00	48.00	2	3	6	

0	4	111.018	2
1	150.00	150.00	226.03	192.33	87.02	0	
2	226.03	192.33	247.00	204.00	24.00	1	4	

0	5	126.669	2
1	150.00	150.00	50.86	160.23	99.67	0	
2	50.86	160.23	24.00	163.00	27.00	1	5	

0	6	126.372	3
1	150.00	150.00	91.38	198.95	76.37	0	
2	91.38	198.95	84.09	205.03	9.49	1	6	
3	84.09	205.03	53.00	231.00	40.51	2	3	6	

1	0	101.124	2
1	251.00	145.00	201.06	147.47	50.00	1	1	
2	201.06	147.47	150.00	150.00	51.12	0	

1	1	0	0

1	2	31.305	2
1	251.00	145.00	258.74	129.52	17.30	1	1	
2	258.74	129.52	265.00	117.00	14.00	2	1	2	

1	3	225.304	4
1	251.00	145.00	204.17	162.53	50.00	1	1	
2	204.17	162.53	94.76	203.50	116.83	0	
3	94.76	203.50	84.95	207.17	10.47	1	6	
4	84.95	207.17	40.00	224.00	48.00	2	3	6	

1	4	59.135	3
1	251.00	145.00	248.62	180.05	35.14	1	1	
2	248.62	180.05	247.62	194.89	14.87	1	4	
3	247.62	194.89	247.00	204.00	9.13	1	4	

1	5	227.713	3
1	251.00	145.00	201.16	148.95	50.00	1	1	
2	201.16	148.95	50.92	160.87	150.71	0	
3	50.92	160.87	24.00	163.00	27.00	1	5	

1	6	215.870	4
1	251.00	145.00	205.14	164.92	50.00	1	1	
2	205.14	164.92	98.86	211.08	115.87	0	
3	98.86	211.08	87.34	216.08	12.56	1	6	
4	87.34	216.08	53.00	231.00	37.44	2	3	6	

2	0	119.641	3
1	265.00	117.00	251.54	120.86	14.00	2	1	2	
2	251.54	120.86	201.99	135.08	51.55	1	1	
3	201.99	135.08	150.00	150.00	54.09	0	

2	1	31.305	2
1	265.00	117.00	258.74	129.52	14.00	2	1	2	
2	258.74	129.52	251.00	145.00	17.30	1	1	

2	2	0	0

2	3	249.147	5
1	265.00	117.00	252.36	123.01	14.00	2	1	2	
2	252.36	123.01	201.06	147.41	56.80	1	1	
3	201.06	147.41	91.74	199.39	121.05	0	
4	91.74	199.39	83.35	203.39	9.30	1	6	
5	83.35	203.39	40.00	224.00	48.00	2	3	6	

2	4	88.843	4
1	265.00	117.00	262.16	130.71	14.00	2	1	2	
2	262.16	130.71	251.86	180.50	50.84	1	1	
3	251.86	180.50	248.87	194.95	14.76	1	4	
4	248.87	194.95	247.00	204.00	9.24	1	4	

2	5	245.351	4
1	265.00	117.00	251.25	119.62	14.00	2	1	2	
2	251.25	119.62	203.73	128.69	48.37	1	1	
3	203.73	128.69	50.52	157.94	155.98	0	
4	50.52	157.94	24.00	163.00	27.00	1	5	

2	6	240.707	5
1	265.00	117.00	252.67	123.63	14.00	2	1	2	
2	252.67	123.63	201.39	151.21	58.23	1	1	
3	201.39	151.21	97.04	207.32	118.48	0	
4	97.04	207.32	86.69	212.88	11.74	1	6	
5	86.69	212.88	53.00	231.00	38.26	2	3	6	

3	0	132.575	3
1	40.00	224.00	79.83	197.21	48.00	2	3	6	
2	79.83	197.21	85.75	193.22	7.14	1	6	
3	85.75	193.22	150.00	150.00	77.43	0	

3	1	225.304	4
1	40.00	224.00	84.95	207.17	48.00	2	3	6	
2	84.95	207.17	94.76	203.50	10.47	1	6	
3	94.76	203.50	204.17	162.53	116.83	0	
4	204.17	162.53	251.00	145.00	50.00	1	1	

3	2	249.147	5
1	40.00	224.00	83.35	203.39	48.00	2	3	6	
2	83.35	203.39	91.74	199.39	9.30	1	6	
3	91.74	199.39	201.06	147.41	121.05	0	
4	201.06	147.41	252.36	123.01	56.80	1	1	
5	252.36	123.01	265.00	117.00	14.00	2	1	2	

3	3	0	0

3	4	207.964	4
1	40.00	224.00	87.78	219.38	48.00	2	3	6	
2	87.78	219.38	101.30	218.08	13.59	1	6	
3	101.30	218.08	223.11	206.31	122.38	0	
4	223.11	206.31	247.00	204.00	24.00	1	4	

3	5	63.063	4
1	40.00	224.00	30.85	189.12	36.06	2	3	6	
2	30.85	189.12	30.17	186.52	2.69	2	3	5	
3	30.17	186.52	27.82	177.57	9.25	2	3	5	
4	27.82	177.57	24.00	163.00	15.06	1	5	

3	6	14.765	1
1	40.00	224.00	53.00	231.00	14.76	2	3	6	

4	0	111.018	2
1	247.00	204.00	226.03	192.33	24.00	1	4	
2	226.03	192.33	150.00	150.00	87.02	0	

4	1	59.135	3
1	247.00	204.00	247.62	194.89	9.13	1	4	
2	247.62	194.89	248.62	180.05	14.87	1	4	
3	248.62	180.05	251.00	145.00	35.14	1	1	

4	2	88.843	4
1	247.00	204.00	248.87	194.95	9.24	1	4	
2	248.87	194.95	251.86	180.50	14.76	1	4	
3	251.86	180.50	262.16	130.71	50.84	1	1	
4	262.16	130.71	265.00	117.00	14.00	2	1	2	

4	3	207.964	4
1	247.00	204.00	223.11	206.31	24.00	1	4	
2	223.11	206.31	101.30	218.08	122.38	0	
3	101.30	218.08	87.78	219.38	13.59	1	6	
4	87.78	219.38	40.00	224.00	48.00	2	3	6	

4	4	0	0

4	5	226.738	3
1	247.00	204.00	223.40	199.66	24.00	1	4	
2	223.40	199.66	50.55	167.88	175.74	0	
3	50.55	167.88	24.00	163.00	27.00	1	5	

4	6	195.870	4
1	247.00	204.00	223.23	207.31	24.00	1	4	
2	223.23	207.31	102.52	224.11	121.87	0	
3	102.52	224.11	87.95	226.14	14.71	1	6	
4	87.95	226.14	53.00	231.00	35.29	2	3	6	

5	0	126.669	2
1	24.00	163.00	50.86	160.23	27.00	1	5	
2	50.86	160.23	150.00	150.00	99.67	0	

5	1	227.713	3
1	24.00	163.00	50.92	160.87	27.00	1	5	
2	50.92	160.87	201.16	148.95	150.71	0	
3	201.16	148.95	251.00	145.00	50.00	1	1	

5	2	245.351	4
1	24.00	163.00	50.52	157.94	27.00	1	5	
2	50.52	157.94	203.73	128.69	155.98	0	
3	203.73	128.69	251.25	119.62	48.37	1	1	
4	251.25	119.62	265.00	117.00	14.00	2	1	2	

5	3	63.063	4
1	24.00	163.00	27.82	177.57	15.06	1	5	
2	27.82	177.57	30.17	186.52	9.25	2	3	5	
3	30.17	186.52	30.85	189.12	2.69	2	3	5	
4	30.85	189.12	40.00	224.00	36.06	2	3	6	

5	4	226.738	3
1	24.00	163.00	50.55	167.88	27.00	1	5	
2	50.55	167.88	223.40	199.66	175.74	0	
3	223.40	199.66	247.00	204.00	24.00	1	4	

5	5	0	0

5	6	73.926	4
1	24.00	163.00	29.99	177.05	15.28	1	5	
2	29.99	177.05	33.39	185.01	8.65	1	5	
3	33.39	185.01	34.59	187.84	3.07	3	3	5	6	
4	34.59	187.84	53.00	231.00	46.93	2	3	6	

6	0	126.372	3
1	53.00	231.00	84.09	205.03	40.51	2	3	6	
2	84.09	205.03	91.38	198.95	9.49	1	6	
3	91.38	198.95	150.00	150.00	76.37	0	

6	1	215.870	4
1	53.00	231.00	87.34	216.08	37.44	2	3	6	
2	87.34	216.08	98.86	211.08	12.56	1	6	
3	98.86	211.08	205.14	164.92	115.87	0	
4	205.14	164.92	251.00	145.00	50.00	1	1	

6	2	240.707	5
1	53.00	231.00	86.69	212.88	38.26	2	3	6	
2	86.69	212.88	97.04	207.32	11.74	1	6	
3	97.04	207.32	201.39	151.21	118.48	0	
4	201.39	151.21	252.67	123.63	58.23	1	1	
5	252.67	123.63	265.00	117.00	14.00	2	1	2	

6	3	14.765	1
1	53.00	231.00	40.00	224.00	14.76	2	3	6	

6	4	195.870	4
1	53.00	231.00	87.95	226.14	35.29	2	3	6	
2	87.95	226.14	102.52	224.11	14.71	1	6	
3	102.52	224.11	223.23	207.31	121.87	0	
4	223.23	207.31	247.00	204.00	24.00	1	4	

6	5	73.926	4
1	53.00	231.00	34.59	187.84	46.93	2	3	6	
2	34.59	187.84	33.39	185.01	3.07	3	3	5	6	
3	33.39	185.01	29.99	177.05	8.65	1	5	
4	29.99	177.05	24.00	163.00	15.28	1	5	

6	6	0	0
