6	49	2	0.001	120.0
0.000	0.000	0.000	3.000	0.000
112.000	122.000	30.000	10.000	11.000
65.000	280.000	22.000	2.000	10.000
26.000	68.000	41.000	9.000	16.000
59.000	189.000	40.000	9.000	6.000
103.000	295.000	15.000	4.000	6.000

0	0	0	0

0	1	165.614	4
1	0.00	0.00	24.80	27.02	36.68	0	
2	24.80	27.02	66.73	72.69	62.00	1	3	
3	66.73	72.69	91.71	99.90	36.94	0	
4	91.71	99.90	112.00	122.00	30.00	1	1	

0	2	287.446	6
1	0.00	0.00	7.31	31.51	32.34	0	
2	7.31	31.51	25.30	108.99	79.55	0	
3	25.30	108.99	36.24	156.11	48.37	0	
4	36.24	156.11	53.06	228.56	74.38	0	
5	53.06	228.56	60.03	258.57	30.81	0	
6	60.03	258.57	65.00	280.00	22.00	1	2	

0	3	72.801	2
1	0.00	0.00	11.36	29.70	31.80	0	
2	11.36	29.70	26.00	68.00	41.00	1	3	

0	4	197.995	4
1	0.00	0.00	9.51	30.46	31.91	0	
2	9.51	30.46	33.79	108.25	81.49	1	3	
3	33.79	108.25	47.08	150.82	44.59	0	
4	47.08	150.82	59.00	189.00	40.00	1	4	

0	5	312.464	6
1	0.00	0.00	10.49	30.05	31.83	0	
2	10.49	30.05	37.48	107.36	81.89	0	
3	37.48	107.36	52.23	149.58	44.72	0	
4	52.23	149.58	78.24	224.07	78.90	1	4	
5	78.24	224.07	98.06	280.84	60.13	0	
6	98.06	280.84	103.00	295.00	15.00	1	5	

1	0	165.614	4
1	112.00	122.00	91.71	99.90	30.00	1	1	
2	91.71	99.90	66.73	72.69	36.94	0	
3	66.73	72.69	24.80	27.02	62.00	1	3	
4	24.80	27.02	0.00	0.00	36.68	0	

1	1	0	0

1	2	164.842	5
1	112.00	122.00	103.45	150.75	30.00	1	1	
2	103.45	150.75	96.34	174.65	24.93	0	
3	96.34	174.65	82.42	221.42	48.80	1	4	
4	82.42	221.42	71.27	258.91	39.11	0	
5	71.27	258.91	65.00	280.00	22.00	1	2	

1	3	101.548	3
1	112.00	122.00	86.59	106.05	30.00	1	1	
2	86.59	106.05	60.72	89.80	30.55	0	
3	60.72	89.80	26.00	68.00	41.00	1	3	

1	4	85.428	3
1	112.00	122.00	93.39	145.53	30.00	1	1	
2	93.39	145.53	83.82	157.63	15.43	0	
3	83.82	157.63	59.00	189.00	40.00	1	4	

1	5	173.234	3
1	112.00	122.00	110.44	151.96	30.00	0	
2	110.44	151.96	103.78	280.02	128.23	0	
3	103.78	280.02	103.00	295.00	15.00	1	5	

2	0	287.446	6
1	65.00	280.00	60.03	258.57	22.00	1	2	
2	60.03	258.57	53.06	228.56	30.81	0	
3	53.06	228.56	36.24	156.11	74.38	0	
4	36.24	156.11	25.30	108.99	48.37	0	
5	25.30	108.99	7.31	31.51	79.55	0	
6	7.31	31.51	0.00	0.00	32.34	0	

2	1	164.842	5
1	65.00	280.00	71.27	258.91	22.00	1	2	
2	71.27	258.91	82.42	221.42	39.11	0	
3	82.42	221.42	96.34	174.65	48.80	1	4	
4	96.34	174.65	103.45	150.75	24.93	0	
5	103.45	150.75	112.00	122.00	30.00	1	1	

2	2	0	0

2	3	215.557	5
1	65.00	280.00	61.02	258.36	22.00	1	2	
2	61.02	258.36	55.59	228.85	30.00	0	
3	55.59	228.85	41.63	152.97	77.16	0	
4	41.63	152.97	33.42	108.32	45.39	0	
5	33.42	108.32	26.00	68.00	41.00	0	

2	4	91.198	3
1	65.00	280.00	63.55	258.05	22.00	1	2	
2	63.55	258.05	61.63	228.91	29.20	0	
3	61.63	228.91	59.00	189.00	40.00	1	4	

2	5	40.853	3
1	65.00	280.00	85.46	288.08	22.00	1	2	
2	85.46	288.08	89.05	289.49	3.85	0	
3	89.05	289.49	103.00	295.00	15.00	1	5	

3	0	72.801	2
1	26.00	68.00	11.36	29.70	41.00	1	3	
2	11.36	29.70	0.00	0.00	31.80	0	

3	1	101.548	3
1	26.00	68.00	60.72	89.80	41.00	1	3	
2	60.72	89.80	86.59	106.05	30.55	0	
3	86.59	106.05	112.00	122.00	30.00	1	1	

3	2	215.557	5
1	26.00	68.00	33.42	108.32	41.00	0	
2	33.42	108.32	41.63	152.97	45.39	0	
3	41.63	152.97	55.59	228.85	77.16	0	
4	55.59	228.85	61.02	258.36	30.00	0	
5	61.02	258.36	65.00	280.00	22.00	1	2	

3	3	0	0

3	4	125.419	3
1	26.00	68.00	36.79	107.56	41.00	1	3	
2	36.79	107.56	48.48	150.41	44.42	0	
3	48.48	150.41	59.00	189.00	40.00	1	4	

3	5	239.704	5
1	26.00	68.00	39.17	106.83	41.00	1	3	
2	39.17	106.83	53.60	149.37	44.92	0	
3	53.60	149.37	78.83	223.74	78.54	1	4	
4	78.83	223.74	98.18	280.80	60.25	0	
5	98.18	280.80	103.00	295.00	15.00	1	5	

4	0	197.995	4
1	59.00	189.00	47.08	150.82	40.00	1	4	
2	47.08	150.82	33.79	108.25	44.59	0	
3	33.79	108.25	9.51	30.46	81.49	1	3	
4	9.51	30.46	0.00	0.00	31.91	0	

4	1	85.428	3
1	59.00	189.00	83.82	157.63	40.00	1	4	
2	83.82	157.63	93.39	145.53	15.43	0	
3	93.39	145.53	112.00	122.00	30.00	1	1	

4	2	91.198	3
1	59.00	189.00	61.63	228.91	40.00	1	4	
2	61.63	228.91	63.55	258.05	29.20	0	
3	63.55	258.05	65.00	280.00	22.00	1	2	

4	3	125.419	3
1	59.00	189.00	48.48	150.41	40.00	1	4	
2	48.48	150.41	36.79	107.56	44.42	0	
3	36.79	107.56	26.00	68.00	41.00	1	3	

4	4	0	0

4	5	114.769	3
1	59.00	189.00	74.34	225.94	40.00	1	4	
2	74.34	225.94	97.25	281.15	59.77	0	
3	97.25	281.15	103.00	295.00	15.00	1	5	

5	0	312.464	6
1	103.00	295.00	98.06	280.84	15.00	1	5	
2	98.06	280.84	78.24	224.07	60.13	0	
3	78.24	224.07	52.23	149.58	78.90	1	4	
4	52.23	149.58	37.48	107.36	44.72	0	
5	37.48	107.36	10.49	30.05	81.89	0	
6	10.49	30.05	0.00	0.00	31.83	0	

5	1	173.234	3
1	103.00	295.00	103.78	280.02	15.00	1	5	
2	103.78	280.02	110.44	151.96	128.23	0	
3	110.44	151.96	112.00	122.00	30.00	0	

5	2	40.853	3
1	103.00	295.00	89.05	289.49	15.00	1	5	
2	89.05	289.49	85.46	288.08	3.85	0	
3	85.46	288.08	65.00	280.00	22.00	1	2	

5	3	239.704	5
1	103.00	295.00	98.18	280.80	15.00	1	5	
2	98.18	280.80	78.83	223.74	60.25	0	
3	78.83	223.74	53.60	149.37	78.54	1	4	
4	53.60	149.37	39.17	106.83	44.92	0	
5	39.17	106.83	26.00	68.00	41.00	1	3	

5	4	114.769	3
1	103.00	295.00	97.25	281.15	15.00	1	5	
2	97.25	281.15	74.34	225.94	59.77	0	
3	74.34	225.94	59.00	189.00	40.00	1	4	

5	5	0	0
