6	52	2	0.001	90.0
0.000	0.000	0.000	6.000	0.000
157.000	174.000	47.000	7.000	18.000
51.000	137.000	50.000	10.000	2.000
51.000	293.000	20.000	4.000	12.000
5.000	54.000	36.000	4.000	1.000
23.000	123.000	16.000	3.000	15.000
 


0	0	0	0

0	1	234.361	4
1	0.00	0.00	18.68	20.70	27.88	0	
2	18.68	20.70	39.53	43.81	31.12	1	4	
3	39.53	43.81	125.51	139.11	128.36	0	
4	125.51	139.11	157.00	174.00	47.00	1	1	

0	2	146.185	4
1	0.00	0.00	6.72	18.04	19.25	0	
2	6.72	18.04	29.81	80.08	66.20	1	4	
3	29.81	80.08	33.56	90.14	10.73	0	
4	33.56	90.14	51.00	137.00	50.00	0	

0	3	297.405	8
1	0.00	0.00	3.14	18.05	18.32	0	
2	3.14	18.05	15.40	88.47	71.48	1	4	
3	15.40	88.47	17.40	99.97	11.68	0	
4	17.40	99.97	18.73	107.58	7.72	1	2	
5	18.73	107.58	24.19	138.96	31.85	2	2	5	
6	24.19	138.96	31.89	183.20	44.91	0	
7	31.89	183.20	47.57	273.30	91.45	0	
8	47.57	273.30	51.00	293.00	20.00	0	

0	4	54.231	2
1	0.00	0.00	1.68	18.15	18.23	0	
2	1.68	18.15	5.00	54.00	36.00	1	4	

0	5	125.132	5
1	0.00	0.00	3.37	18.04	18.35	0	
2	3.37	18.04	16.48	88.12	71.30	0	
3	16.48	88.12	18.51	98.99	11.06	0	
4	18.51	98.99	20.06	107.27	8.42	0	
5	20.06	107.27	23.00	123.00	16.00	2	2	5	

1	0	234.361	4
1	157.00	174.00	125.51	139.11	47.00	1	1	
2	125.51	139.11	39.53	43.81	128.36	0	
3	39.53	43.81	18.68	20.70	31.12	1	4	
4	18.68	20.70	0.00	0.00	27.88	0	

1	1	0	0

1	2	112.272	3
1	157.00	174.00	112.63	158.51	47.00	1	1	
2	112.63	158.51	98.21	153.48	15.27	0	
3	98.21	153.48	51.00	137.00	50.00	1	2	

1	3	159.364	3
1	157.00	174.00	125.74	209.10	47.00	1	1	
2	125.74	209.10	64.30	278.07	92.36	0	
3	64.30	278.07	51.00	293.00	20.00	1	3	

1	4	193.659	5
1	157.00	174.00	120.11	144.88	47.00	1	1	
2	120.11	144.88	100.41	129.32	25.10	0	
3	100.41	129.32	47.00	87.16	68.04	1	2	
4	47.00	87.16	33.26	76.31	17.51	0	
5	33.26	76.31	5.00	54.00	36.00	1	4	

1	5	143.377	4
1	157.00	174.00	113.07	157.28	47.00	1	1	
2	113.07	157.28	98.75	151.83	15.33	0	
3	98.75	151.83	37.95	128.69	65.05	1	2	
4	37.95	128.69	23.00	123.00	16.00	2	2	5	

2	0	146.185	4
1	51.00	137.00	33.56	90.14	50.00	0	
2	33.56	90.14	29.81	80.08	10.73	0	
3	29.81	80.08	6.72	18.04	66.20	1	4	
4	6.72	18.04	0.00	0.00	19.25	0	

2	1	112.272	3
1	51.00	137.00	98.21	153.48	50.00	1	2	
2	98.21	153.48	112.63	158.51	15.27	0	
3	112.63	158.51	157.00	174.00	47.00	1	1	

2	2	0	0

2	3	156.000	3
1	51.00	137.00	51.00	187.00	50.00	1	2	
2	51.00	187.00	51.00	273.00	86.00	0	
3	51.00	273.00	51.00	293.00	20.00	1	3	

2	4	94.895	3
1	51.00	137.00	26.76	93.27	50.00	1	2	
2	26.76	93.27	22.45	85.49	8.89	0	
3	22.45	85.49	5.00	54.00	36.00	1	4	

2	5	31.305	2
1	51.00	137.00	37.31	130.16	15.30	1	2	
2	37.31	130.16	23.00	123.00	16.00	2	2	5	

3	0	297.405	8
1	51.00	293.00	47.57	273.30	20.00	0	
2	47.57	273.30	31.89	183.20	91.45	0	
3	31.89	183.20	24.19	138.96	44.91	0	
4	24.19	138.96	18.73	107.58	31.85	2	2	5	
5	18.73	107.58	17.40	99.97	7.72	1	2	
6	17.40	99.97	15.40	88.47	11.68	0	
7	15.40	88.47	3.14	18.05	71.48	1	4	
8	3.14	18.05	0.00	0.00	18.32	0	

3	1	159.364	3
1	51.00	293.00	64.30	278.07	20.00	1	3	
2	64.30	278.07	125.74	209.10	92.36	0	
3	125.74	209.10	157.00	174.00	47.00	1	1	

3	2	156.000	3
1	51.00	293.00	51.00	273.00	20.00	1	3	
2	51.00	273.00	51.00	187.00	86.00	0	
3	51.00	187.00	51.00	137.00	50.00	1	2	

3	3	0	0

3	4	243.387	7
1	51.00	293.00	47.22	273.36	20.00	1	3	
2	47.22	273.36	29.68	182.23	92.81	0	
3	29.68	182.23	21.34	138.91	44.11	1	2	
4	21.34	138.91	15.55	108.84	30.63	2	2	5	
5	15.55	108.84	14.42	102.92	6.03	1	2	
6	14.42	102.92	11.80	89.35	13.82	0	
7	11.80	89.35	5.00	54.00	36.00	1	4	

3	5	172.290	4
1	51.00	293.00	47.75	273.27	20.00	1	3	
2	47.75	273.27	32.99	183.64	90.83	0	
3	32.99	183.64	25.60	138.79	45.46	1	2	
4	25.60	138.79	23.00	123.00	16.00	2	2	5	

4	0	54.231	2
1	5.00	54.00	1.68	18.15	36.00	1	4	
2	1.68	18.15	0.00	0.00	18.23	0	

4	1	193.659	5
1	5.00	54.00	33.26	76.31	36.00	1	4	
2	33.26	76.31	47.00	87.16	17.51	0	
3	47.00	87.16	100.41	129.32	68.04	1	2	
4	100.41	129.32	120.11	144.88	25.10	0	
5	120.11	144.88	157.00	174.00	47.00	1	1	

4	2	94.895	3
1	5.00	54.00	22.45	85.49	36.00	1	4	
2	22.45	85.49	26.76	93.27	8.89	0	
3	26.76	93.27	51.00	137.00	50.00	1	2	

4	3	243.387	7
1	5.00	54.00	11.80	89.35	36.00	1	4	
2	11.80	89.35	14.42	102.92	13.82	0	
3	14.42	102.92	15.55	108.84	6.03	1	2	
4	15.55	108.84	21.34	138.91	30.63	2	2	5	
5	21.34	138.91	29.68	182.23	44.11	1	2	
6	29.68	182.23	47.22	273.36	92.81	0	
7	47.22	273.36	51.00	293.00	20.00	1	3	

4	4	0	0

4	5	71.309	4
1	5.00	54.00	14.09	88.83	36.00	1	4	
2	14.09	88.83	17.07	100.27	11.82	0	
3	17.07	100.27	18.96	107.52	7.49	1	2	
4	18.96	107.52	23.00	123.00	16.00	2	2	5	

5	0	125.132	5
1	23.00	123.00	20.06	107.27	16.00	2	2	5	
2	20.06	107.27	18.51	98.99	8.42	0	
3	18.51	98.99	16.48	88.12	11.06	0	
4	16.48	88.12	3.37	18.04	71.30	0	
5	3.37	18.04	0.00	0.00	18.35	0	

5	1	143.377	4
1	23.00	123.00	37.95	128.69	16.00	2	2	5	
2	37.95	128.69	98.75	151.83	65.05	1	2	
3	98.75	151.83	113.07	157.28	15.33	0	
4	113.07	157.28	157.00	174.00	47.00	1	1	

5	2	31.305	2
1	23.00	123.00	37.31	130.16	16.00	2	2	5	
2	37.31	130.16	51.00	137.00	15.30	1	2	

5	3	172.290	4
1	23.00	123.00	25.60	138.79	16.00	2	2	5	
2	25.60	138.79	32.99	183.64	45.46	1	2	
3	32.99	183.64	47.75	273.27	90.83	0	
4	47.75	273.27	51.00	293.00	20.00	1	3	

5	4	71.309	4
1	23.00	123.00	18.96	107.52	16.00	2	2	5	
2	18.96	107.52	17.07	100.27	7.49	1	2	
3	17.07	100.27	14.09	88.83	11.82	0	
4	14.09	88.83	5.00	54.00	36.00	1	4	

5	5	0	0
